0.0803966926603256 0.08125602547487985 0.08129197514781701 0.7570553067169775
0.6188570769053031 0.2132892711570161 0.08392274010534563 0.08393091183233523
0.7841697546473856 0.07198339333006336 0.0717265090781743 0.07212034294437668
0.10032497579801265 0.7215861921448081 0.088395624214636 0.08969320784254316
0.7835844808673867 0.07689940057952653 0.06975731655127732 0.06975880200180945
0.07823589237110454 0.0741068735556342 0.07396803810660776 0.7736891959666535
0.7435236650717265 0.08485477213597971 0.08465313439283999 0.08696842839945372
0.0842879866039289 0.7466034840791631 0.08455499922412119 0.08455353009278674
0.07055856347055231 0.07243589093377215 0.07291478467182197 0.7840907609238537
0.06655819385923269 0.8052519530374742 0.06399324557257864 0.06419660753071454
0.7427045409107145 0.08605325668954894 0.08621352359648864 0.08502867880324788
0.796809531607144 0.0669033746750146 0.06921374325068373 0.06707335046715764
0.09345616742160948 0.5652946008877622 0.25371829752403996 0.08753093416658851
0.0863835509635907 0.7446609925990698 0.08447731384607027 0.08447814259126919
0.7846115174106321 0.07275911855835918 0.07114365845857411 0.0714857055724347
0.08339776307559695 0.07742801306834798 0.07727975417887048 0.7618944696771845
0.07990369816645507 0.08482854671867314 0.7530662062672158 0.08220154884765603
0.1675249663988957 0.28750372386428175 0.4749853874789725 0.06998592225784997
0.10246739588169167 0.19685406182538084 0.6086721174857148 0.09200642480721273
0.7183218077406954 0.09501842181564106 0.09306603322000043 0.09359373722366314
0.08888812482861722 0.08759586686007982 0.08738370638112293 0.7361323019301801
0.6014425967163773 0.07861188718321285 0.23880600984184724 0.08113950625856259
0.08333729115850487 0.5640023199996553 0.06597599823503716 0.2866843906068026
0.4800027557499976 0.3355710921264493 0.09221127729771308 0.09221487482584008
0.29371972248117667 0.5807632328861806 0.06129965771148879 0.06421738692115395
0.3845052323706426 0.4359964807079768 0.08852836921391499 0.09096991770746565
0.08448273491214665 0.08484855953860808 0.7458624688834096 0.08480623666583577
0.7393112556505568 0.08605982381533796 0.08956305263534164 0.08506586789876364
0.08780499004274506 0.7316797375536976 0.08559262890583581 0.0949226434977214
0.06633274054201473 0.139606252064682 0.06421136368001658 0.7298496437132866
0.48858537473942476 0.3436232597596845 0.08388996441678774 0.08390140108410289
0.07434668771679151 0.5889953602252024 0.07455958396540033 0.2620983680926059
0.7476728430097792 0.08409371631934993 0.08410557538205524 0.08412786528881558
0.07445535625460495 0.30049886084779254 0.07353794734848752 0.5515078355491149
0.25741435529102596 0.5998706764193088 0.06997934803903169 0.07273562025063339
0.4292123195735967 0.0797997681068262 0.4144996342489839 0.07648827807059323
0.07317090150755927 0.07289847530057592 0.78103035961267 0.07290026357919477
0.0634374673231898 0.5942892407629826 0.05934023962425417 0.28293305228957344
0.5146484462453566 0.0701839169307594 0.3445881894461758 0.07057944737770844
0.07602858033619771 0.07790825831386795 0.769570833563295 0.07649232778663921
0.06747810510179397 0.0668352647691703 0.799736814662277 0.06594981546675868
0.07803168157350583 0.07933953681435951 0.7626931272154116 0.07993565439672301
0.4094807969393112 0.09786508461019197 0.39757468226370635 0.09507943618679048
0.08189664682918273 0.06996732252849708 0.5213520970611597 0.32678393358116054
0.7451779017566001 0.06040123123829475 0.1363307714113044 0.058090095593800795
0.07439748059842241 0.23368596387872126 0.23842244241948138 0.4534941131033749
0.08173121067737565 0.7600856493930911 0.07944906455336158 0.07873407537617179
0.0791622322568497 0.07748261220905144 0.08375932428706698 0.7595958312470319
0.7348659998769751 0.08912616548222094 0.08844468479171279 0.08756314984909105
0.08175861476159045 0.08162076131557269 0.08141410570959248 0.7552065182132445
0.2102847569533271 0.07957847600517289 0.07855008674340032 0.6315866802980997
0.3803649953470195 0.09095000498077746 0.08242729264928093 0.4462577070229221
0.08834019420461207 0.2975477904922759 0.08008122267344239 0.5340307926296696
0.6385321153446992 0.0726809455747847 0.07268211602457016 0.21610482305594583
0.08750615673099774 0.07955089866760294 0.08845425730922575 0.7444886872921737
0.760768737975716 0.07938227058895765 0.08126894494462883 0.07858004649069746
0.7671772905334507 0.07900230338705849 0.07683821980631006 0.0769821862731806
0.06510342682739059 0.06410594488861099 0.06460473730866854 0.8061858909753299
0.6118698358849843 0.07854908322156577 0.23087062420670815 0.07871045668674173
0.3842451618702016 0.4454943474060909 0.08521567186375177 0.08504481885995578
0.07887542181468732 0.0787755459639202 0.07872627946879683 0.7636227527525957
0.06698358994472986 0.06767949973194685 0.7983431291010143 0.06699378122230898
0.08419249426263196 0.07986800242500257 0.7516140080445091 0.08432549526785646
0.11669968592372235 0.4268660598615308 0.3848956315087166 0.0715386227060302
0.6976138464396464 0.06252068998315621 0.06200111492904829 0.1778643486481491
0.08141664657558333 0.24087937995697398 0.6041103543594447 0.07359361910799805
0.6467204037165388 0.07041117994366998 0.0702018812564232 0.212666535083368
0.08709734621077286 0.08302772076219293 0.1830478996902089 0.6468270333368252
0.7548999961414913 0.08318727607578015 0.08195293577679845 0.0799597920059301
0.07951667946097156 0.6504315762799232 0.07926734068698849 0.19078440357211668
0.09444405033467998 0.7215788509275631 0.09198672845240106 0.0919903702853559
0.435352849055886 0.40818959714739483 0.07791323619768085 0.07854431759903818
0.8013454462052397 0.06851017422820793 0.0649714903705225 0.06517288919602983
0.0736795206182881 0.07558705915289383 0.7770659063503167 0.07366751387850136
0.0730660418764198 0.07258736451473011 0.7815177047323218 0.07282888887652808
0.4709788016480898 0.07056491508203269 0.38837850464969526 0.07007777862018222
0.07311565083272654 0.07868964032351972 0.30123549758057133 0.5469592112631824
0.0883494471941608 0.08183274721715401 0.3519411675622942 0.47787663802639097
0.1564735180411013 0.07215250076642094 0.7007330407932759 0.07064094039920182
0.06826280814213966 0.6129126054531024 0.24605834470333568 0.07276624170142222
0.7875464950651805 0.07093851656777549 0.07120278329719955 0.07031220506984444
0.07542058507432188 0.07369676640723515 0.07370188934350401 0.777180759174939
0.15845182550119563 0.7056300541771735 0.068946573704416 0.06697154661721484
0.08358900364310323 0.08234273421684113 0.08211740194908182 0.7519508601909738
0.3194892204299955 0.0737201626745755 0.5330360632172922 0.07375455367813684
0.7821411115382999 0.0731439033745506 0.07174887512484929 0.07296610996230014
0.08490622818558102 0.7447746369061193 0.08515842691282977 0.08516070799546986
0.1416845984288114 0.08441947265859914 0.6961969698836799 0.07769895902890957
0.2813854439157018 0.07396813379570741 0.5675452468565201 0.07710117543207061
0.6245913113954453 0.07889388212077793 0.2171477380397563 0.07936706844402032
0.1045373813516507 0.08839383855907508 0.3658374746303179 0.44123130545895634
0.08156062500618726 0.763733179534193 0.0755075585512876 0.07919863690833233
0.06965509294978962 0.28453616991571407 0.1861823232037903 0.459626413930706
0.5876568218426592 0.07399360582656561 0.07098153680178293 0.26736803552899213
0.5655627019755338 0.28518606218695447 0.07338858479184081 0.07586265104567083
0.07911885376102916 0.770276538326964 0.07519845112098929 0.07540615679101753
0.7865055285511369 0.0707293514934368 0.07161926804262497 0.07114585191280143
0.7404529747856214 0.08671908908674492 0.08643454741207471 0.08639338871555882
0.6338645252901581 0.09050367581392645 0.1893872946445107 0.08624450425140477
0.08806553332476436 0.08353843132121568 0.0783150917268521 0.7500809436271679
0.08589540593074245 0.3878627092884458 0.08514974411098053 0.4410921406698312
0.08047394650166335 0.7624247651476268 0.07783361648094908 0.07926767186976075
0.07888375029097343 0.7638190223132679 0.07872158453907512 0.0785756428566835
0.06339606842546743 0.06527940695376601 0.8079776947440733 0.06334682987669323
0.09361491425777665 0.6419118812337097 0.0921566321348593 0.17231657237365444
0.5099071990132898 0.3335962165716473 0.07823609431610706 0.07826049009895575
0.43005845153082 0.07659098918013019 0.0756406661394661 0.4177098931495837
0.08814484449599276 0.33845597029180996 0.07880857556501344 0.49459060964718393
0.7424602044006086 0.0886791921971219 0.08443073143572351 0.08442987196654593
0.07871307830262493 0.7640113372852358 0.07879468813650975 0.07848089627562944
0.7566440375142985 0.08105114403566131 0.08077505145753133 0.08152976699250881
0.25205588232915704 0.07944407372549032 0.07410481615766042 0.5943952277876923
0.11080830914362642 0.11882463531940358 0.6649433587757743 0.10542369676119584
0.07668888491025129 0.0769290145672404 0.07657228151338853 0.7698098190091198
0.07258928184762818 0.07105128155177508 0.07000746392924152 0.7863519726713553
0.47575800211334734 0.38595049290089833 0.07021177345254037 0.06807973153321399
0.7893577458348275 0.0695954539514254 0.0696863098254565 0.07136049038829063
0.07720674211066275 0.07383443843284272 0.07309998578398226 0.7758588336725123
0.07289531022004976 0.07394992875178633 0.7788122289033983 0.07434253212476569
0.06897745293929712 0.06895010154270556 0.6216390572513468 0.24043338826665042
0.7948250392239705 0.06855990651335725 0.06877888050343378 0.0678361737592385
0.20331007333195605 0.6496753025873854 0.0739050187978342 0.07310960528282436
0.070288209839882 0.0672209965105294 0.06996213931959548 0.7925286543299931
0.7759270947168065 0.07427637778813298 0.07595127103528404 0.07384525645977655
0.08085025124040475 0.08013269490242628 0.7604264412161402 0.07859061264102875
0.37033892524303713 0.07742772663898967 0.4731523056748166 0.07908104244315649
0.06941006262118467 0.7946141501497925 0.06882164240323194 0.06715414482579082
0.0765504731621684 0.07979140254503611 0.36197487818641577 0.4816832461063798
0.3337973101841228 0.5228224544134363 0.07185775158184027 0.07152248382060054
0.0857984579964602 0.7417670917822057 0.08646484349580619 0.08596960672552795
0.7623255145805286 0.0796670306754454 0.0787894550830543 0.07921799966097177
0.6012134450648458 0.20939698923907935 0.12927667060735934 0.06011289508871552
0.7545417174234939 0.08820627204791785 0.07927396369498746 0.07797804683360086
0.07284742410195341 0.781454533055263 0.07284854035149729 0.07284950249128634
0.5138875063482864 0.07418506093260498 0.3408722737949801 0.07105515892412846
0.47010977147660693 0.38319246971235854 0.07334828542767219 0.07334947338336228
0.23121951775845884 0.21387900804100013 0.07392772812396461 0.4809737460765765
0.669129984609449 0.11733668799631378 0.06201763567020584 0.15151569172403148
0.22183505025227476 0.3732878137656569 0.07366593781497917 0.331211198167089
0.07555782666534744 0.07956766881611446 0.07738205408975424 0.7674924504287838
0.7538226071789137 0.08362357807066094 0.07936117856609273 0.0831926361843325
0.775222325413105 0.07663555531125855 0.07478202475477454 0.07336009452086187
0.7965334756429532 0.06862566655418517 0.06746590295697263 0.06737495484588901
0.5602520679071283 0.08494267054001316 0.08489325249367767 0.2699120090591807
0.06543961626887755 0.06524503763306287 0.80229832722507 0.06701701887298953
0.08045896072750554 0.6117676186599468 0.07793728531894084 0.2298361352936068
0.5423644655150004 0.06859254600040078 0.20177445391418092 0.1872685345704179
0.2553754393655534 0.5860787714202732 0.07952812544313806 0.07901766377103533
0.3682707540143517 0.07772448320723067 0.07572981364689998 0.4782749491315177
0.4675414841546698 0.08495650640278585 0.22552414200950435 0.22197786743303988
0.07445472563590101 0.07417433631526607 0.7767538075203709 0.07461713052846194
0.3794787627628841 0.084104577032818 0.4523073768495217 0.0841092833547762
0.09207960723840453 0.08570405176865449 0.0857110105277763 0.7365053304651645
0.06836298623346183 0.6842273800019943 0.06679490004615987 0.18061473371838396
0.7575006248570458 0.07929365583715918 0.07994544252164454 0.08326027678415035
0.09218628626944311 0.5556271761012208 0.2599842829265431 0.09220225470279299
0.7852205074682809 0.07139699865553659 0.07320721633191282 0.07017527754426968
0.6327688450623705 0.07146021287772777 0.07027923501520185 0.22549170704469995
0.7512559028555895 0.08215650705532233 0.08151831814232967 0.08506927194675855
0.06748643494901842 0.06681752217101446 0.06680681674848774 0.7988892261314794
0.757131524198531 0.08165361101862649 0.08049630714903008 0.08071855763381236
0.449563714391562 0.07844560086227167 0.08006461705893914 0.3919260676872271
0.09590161612029025 0.07977002123454019 0.7437380585840617 0.08059030406110798
0.07300030843794868 0.7813489334923339 0.07282468720640554 0.07282607086331189
0.39466923388801206 0.4288569562351955 0.08428922959995845 0.0921845802768339
0.06777700762556836 0.20720612549899534 0.061550408539958204 0.6634664583354782
0.08011007474918233 0.08136841163992334 0.0792221747004242 0.7592993389104702
0.07279318272277545 0.0639200638196374 0.3437729024738782 0.519513850983709
0.7299154055539104 0.09217324945346109 0.08852413529996989 0.0893872096926585
0.6929038122296477 0.06769493924354572 0.17502897654305777 0.0643722719837488
0.2977005947108651 0.0840549949477883 0.5341829180140563 0.08406149232729047
0.21961781117127258 0.5248164972899194 0.19141146240364287 0.06415422913516511
0.16232281221431463 0.6661869693782829 0.09252831478075671 0.07896190362664582
0.10795705289895946 0.20712318232214724 0.08429448776140483 0.6006252770174885
0.526681509181184 0.2516465802776751 0.06146719593147116 0.16020471460966973
0.0870150986871832 0.7342698584752936 0.08691573862241457 0.0917993042151086
0.07428176801531301 0.777214153426499 0.07464997491168404 0.0738541036465039
0.7440638155315772 0.08553873310015812 0.08526298046086475 0.08513447090740002
0.4104484168966712 0.08433023855678062 0.4168499896757827 0.0883713548707654
0.163896786705636 0.24078702996163104 0.06398703508681097 0.531329148245922
0.7109213047527653 0.10013920144319075 0.09326477209351315 0.09567472171053085
0.12176339981665243 0.08717537327558025 0.6996835278248427 0.0913776990829246
0.08719465035177434 0.7392168929333855 0.08825661803721899 0.08533183867762109
0.29640435572657964 0.07159908962351132 0.07129284866861732 0.5607037059812917
0.10416960455420517 0.0807009002298036 0.7335980738438354 0.08153142137215594
0.08605086159303335 0.0924840712377448 0.7371442032074369 0.0843208639617849
0.06977243910233812 0.06960426093353765 0.7087399886382622 0.15188331132586197
0.7181433417932768 0.10004062872735908 0.0969589501667786 0.08485707931258545
0.07325563045488792 0.7801930880836428 0.07326750546326825 0.07328377599820081
0.34175366268911017 0.37046031787103145 0.22134814309663303 0.06643787634322529
0.7982478156379899 0.0667624247981094 0.06854976691193575 0.06643999265196499
0.07536002383120594 0.7717269622276757 0.07549678534496075 0.07741622859615781
0.6413486043372658 0.22466320880397259 0.06678669740288584 0.06720148945587563
0.06182192059275967 0.8145058048187201 0.0613168957905672 0.062355378797952964
0.7495769990670269 0.08363967464743677 0.08338596433727803 0.08339736194825832
0.09058839314524486 0.0757389331327907 0.7561929007227686 0.07747977299919592
0.07395651995251389 0.7806288462344085 0.07248560018483309 0.07292903362824436
0.07499716151268071 0.7772218467417726 0.07362997690013713 0.07415101484540952
0.07809608783629596 0.0733519481657448 0.6537407004243492 0.1948112635736101
0.6017035126506447 0.08740459204028976 0.2252448215599181 0.08564707374914762
0.20530369935332404 0.6213214789202456 0.08570460214073863 0.08767021958569164
0.3365935011384835 0.06504818354102351 0.06405441863011824 0.5343038966903747
0.48431414659343663 0.072429745340237 0.17530851331684297 0.26794759474948343
0.1642168386913832 0.6811782002273673 0.07664616626515762 0.07795879481609179
0.43249604672911063 0.28161773407595425 0.06566371263363964 0.22022250656129547
0.07717540086018662 0.07423771549587195 0.07378314155888742 0.7748037420850539
0.0919555805751159 0.0919564831993674 0.11292142897533264 0.7031665072501841
0.07680377709793665 0.16854755171446026 0.26905266890751595 0.48559600228008715
0.8202234131678918 0.06040798598800016 0.05952223309177176 0.059846367752336344
0.5547200471664436 0.08147885802410645 0.28404980898738874 0.07975128582206108
0.1954767244060044 0.07203080191227496 0.6629687693944394 0.06952370428728137
0.08317549728238217 0.08368730316553899 0.5791893191465471 0.25394788040553173
0.06998056400636431 0.39714882910716265 0.4640224682814631 0.06884813860500998
0.08873345019567543 0.736928209907739 0.08705146691677451 0.08728687297981111
0.08754134559856312 0.7398169243093257 0.08693454566194463 0.08570718443016664
0.4713964178674645 0.09455484634588819 0.08686743605835194 0.3471812997282955
0.2933940318746059 0.08059558747102362 0.18581546115971934 0.44019491949465117
0.7713043484280946 0.07800262520008838 0.07562771059769416 0.07506531577412298
0.7716438620293256 0.07627323314307469 0.07560561928322583 0.07647728554437389
0.303245026236462 0.5248335496769864 0.08520421906043582 0.08671720502611582
0.08475572305616057 0.21077106430231912 0.22003115396160083 0.4844420586799194
0.08256785801214694 0.3024378786497768 0.07978171078972458 0.5352125525483518
0.07272787054245675 0.0740742792948217 0.7804679245899587 0.07272992557276285
0.324173032053632 0.06540101912546457 0.06520134591953898 0.5452246029013643
0.07436147128381011 0.07602441014996732 0.776107809890464 0.07350630867575855
0.3162449934743676 0.06818608961905681 0.1858988185087802 0.4296700983977954
0.5162265251439417 0.32707598191127335 0.07862342487178361 0.07807406807300125
0.08331617304730093 0.08445576711258077 0.0818619069846613 0.750366152855457
0.773394175643127 0.07461130555073732 0.07357041989045962 0.07842409891567619
0.16363477133652668 0.08138611861899443 0.6786096489696699 0.07636946107480902
0.6258049568365198 0.20528394778327802 0.08419286944138946 0.08471822593881279
0.07126139200204576 0.7871679347924886 0.07064477874555956 0.07092589445990606
0.07045245485008088 0.07066429543335145 0.1654517256467235 0.6934315240698441
0.7614319979888079 0.07823865022699683 0.08082399478442681 0.07950535699976838
0.28916889144953967 0.412999418885194 0.07898638875385738 0.21884530091140908
0.7884865561866296 0.07107488431410755 0.07011422186149244 0.07032433763777035
0.08465391012561652 0.08864235744512479 0.08852164665924281 0.7381820857700159
0.7920429782137035 0.0693845491554044 0.06901056897152305 0.06956190365936915
0.0679739087215226 0.38299792865547827 0.483897330462527 0.06513083216047219
0.10044080399732458 0.7102871492305697 0.09786804413547924 0.09140400263662637
0.09380097148752445 0.07975812006867038 0.0794199338011274 0.7470209746426778
0.1752829888308003 0.6603205745284968 0.08030318983226051 0.08409324680844243
0.06779642823047738 0.6685563760769215 0.19616837336865153 0.06747882232394968
0.7941459532007821 0.06955410191695605 0.067251026779925 0.06904891810233695
0.0724101801627207 0.07161744740652613 0.07121072927258165 0.7847616431581715
0.21661917812577514 0.6432537234846732 0.06978839469861271 0.07033870369093899
0.08440780400182375 0.08441242487906105 0.7467375423580327 0.08444222876108244
0.33315774912595386 0.0759559749230639 0.5152722210384516 0.07561405491253055
0.08627178621801934 0.7455805672725989 0.08407368638183417 0.08407396012754753
0.2194234770470912 0.06938643127529606 0.06921248373740675 0.641977607940206
0.7742663713584035 0.07465741834161989 0.07652675769223276 0.0745494526077438
0.7160355021833901 0.0941076123980734 0.09170356304239478 0.09815332237614162
0.2860275005200648 0.5576666102304357 0.07779856727593108 0.07850732197356844
0.07186473574059775 0.2418645050695795 0.2772067731183935 0.4090639860714293
0.7672430210055274 0.0775853395221616 0.0775855556260856 0.0775860838462253
0.07709608210544376 0.0808871037548944 0.07108123893924963 0.7709355752004122
0.7637813295543202 0.07896334895434184 0.07872826962535577 0.07852705186598218
0.07510091049972643 0.6487965380294786 0.20270795789262808 0.07339459357816694
0.08317143426951847 0.5739480231445685 0.26408703897296615 0.07879350361294685
0.07284100173423151 0.7796235944444918 0.07284386872584145 0.0746915350954351
0.12972184677915724 0.08871187907407276 0.17378337865858554 0.6077828954881844
0.48883440440623227 0.3613006413220872 0.07636789042784362 0.07349706384383685
0.5607621754419564 0.07953973914717806 0.18796600726627724 0.1717320781445884
0.07551644490765326 0.7749298472241996 0.07487956536610528 0.07467414250204198
0.5863737356870483 0.25278638338474785 0.0783612572119217 0.08247862371628212
0.2300560546428165 0.08105508470585847 0.6062277357075279 0.08266112494379714
0.08816964866943028 0.09607509246737686 0.10793778633487967 0.7078174725283132
0.06971314854501377 0.070862887009886 0.4819908019957265 0.37743316244937386
0.07697112129872774 0.19143474309488964 0.07119431818856041 0.6603998174178222
0.07255848205496535 0.3330092883176734 0.07180084007940932 0.5226313895479521
0.28306050227112317 0.36577015726082374 0.07073149295789678 0.28043784751015627
0.4238701914829028 0.07347337320699099 0.4358270900378528 0.06682934527225337
0.07742764681595425 0.7715724129209267 0.07534244820934752 0.0756574920537714
0.297736355345204 0.07742317224414064 0.5512096758671312 0.07363079654352421
0.26353588891421975 0.057945833244362636 0.12231856962187176 0.5561997082195458
0.07412183859557138 0.07307585324317198 0.7784677843375807 0.07433452382367581
0.604208657799507 0.1885694468958762 0.14221038192174257 0.06501151338287413
0.7419193392517395 0.08557585834496213 0.08584506939706717 0.08665973300623113
0.47133778144135535 0.3780996011438806 0.07482809755795 0.07573451985681398
0.09213269259785604 0.09213236124928362 0.723598714038458 0.09213623211440239
0.23237302428621898 0.08356399338204683 0.4318838571008743 0.25217912523085995
0.535383445356112 0.07787599516931218 0.07504674261779042 0.31169381685678527
0.09028003257127375 0.08436148347973647 0.08436248491369006 0.7409959990352998
0.0784278906420005 0.0857796927084955 0.7579448966892692 0.07784751996023484
0.35832443934063235 0.08204328883346372 0.4820346265442519 0.07759764528165206
0.2351958400240787 0.4478646168084563 0.23744233484647692 0.07949720832098803
0.07484256149478331 0.0708192183841152 0.0976508683388191 0.7566873517822823
0.4336212358510821 0.4219367240122579 0.07230049228554056 0.07214154785111938
0.39668979440295316 0.3219716665079462 0.07388404421574278 0.2074544948733578
0.06679144134240046 0.06841244667697173 0.7982926855951039 0.06650342638552392
0.7591742562705979 0.07894609944395374 0.08161267323077975 0.08026697105466851
0.07558902077335623 0.7756520307968913 0.07430372703904498 0.07445522139070754
0.5013519988949429 0.07707772484391398 0.07852025642637805 0.343050019834765
0.32480749540928855 0.07251893788352502 0.5319734859308839 0.07070008077630265
0.2881135047331867 0.24846891247923758 0.06821304884451967 0.395204533943056
0.0818582221778789 0.07356200439805137 0.5797058022252279 0.2648739711988417
0.2507939640719538 0.5940968171773218 0.07748254823751526 0.07762667051320908
0.1083122159431185 0.10791263441862091 0.10770865297019534 0.6760664966680652
0.08125864778325981 0.24078074026740004 0.08174727391465302 0.5962133380346872
0.5360070206055507 0.22579460444216978 0.16868594278985555 0.06951243216242392
0.08043088156194257 0.08112050688304957 0.07933348328303327 0.7591151282719746
0.7553787609495222 0.08241469881286523 0.0802833415483344 0.08192319868927819
0.21255560380397995 0.19666123161493698 0.07715952612358991 0.5136236384574931
0.08842476211645944 0.09350306472280305 0.7316385266387333 0.08643364652200426
0.10545056470671928 0.6836199187244634 0.10546581251803001 0.10546370405078737
0.7267219456904662 0.08794461625161175 0.09222289024175905 0.09311054781616294
0.7434375069191533 0.08765177581496453 0.08451746195361642 0.08439325531226573
0.07981042392112456 0.08197736345486711 0.7580991211644418 0.08011309145956648
0.08209715859746185 0.5914224014958671 0.07654193746558509 0.249938502441086
0.22905381507035377 0.5055698984456403 0.08918272703310312 0.17619355945090284
0.7805365717130072 0.0739181810959583 0.07273999634249209 0.07280525084854242
0.19820239973105971 0.5129748976000902 0.21874970257262652 0.07007300009622364
0.6670231287301629 0.19632775440960196 0.06631665718399195 0.07033245967624312
0.0772725523450601 0.7729319513505754 0.07486316199552029 0.0749323343088442
0.7040062845079277 0.09973172444633954 0.09884584049991725 0.09741615054581564
0.7896190743705098 0.0701680624960364 0.06996978111289083 0.07024308202056298
0.7593495439043443 0.08021304042525054 0.0786232155925443 0.08181420007786072
0.0738410041795136 0.7801826310819405 0.07302766762917445 0.0729486971093715
0.7725498481870116 0.07722559690755898 0.07482632524968898 0.0753982296557405
0.4727929701289817 0.2526401707691279 0.20757842838518165 0.06698843071670874
0.3163892199811697 0.5486705460426208 0.06741966613096659 0.06752056784524295
0.34841452653022414 0.07860517411841539 0.49937505626650414 0.07360524308485639
0.06686449491556756 0.805494717128902 0.06382309503366579 0.06381769292186458
0.7953817618202484 0.0681392605092082 0.06806146415705039 0.06841751351349304
0.07933737977190058 0.07479494878138304 0.07455660623403812 0.7713110652126782
0.07908069158420321 0.7619449250716186 0.07988988716804402 0.07908449617613407
0.0778790360650268 0.0778424059914806 0.7666571249535831 0.07762143298990966
0.07608379724332393 0.07376711063505968 0.07378037715380557 0.7763687149678109
0.7144160325646836 0.09447638434686481 0.09576882988045822 0.09533875320799341
0.40097501095401816 0.428579263427013 0.08528893081247121 0.08515679480649757
0.22653318159410982 0.6308131897302236 0.07023769119682265 0.07241593747884403
0.7150217680268048 0.09608619568269416 0.09414709692839932 0.09474493936210154
0.6211528144648794 0.22183935782079947 0.07866092811408257 0.07834689960023862
0.6808698720680045 0.10594382389305039 0.10719429570142107 0.10599200833752408
0.07786449916638782 0.07858610305684431 0.767044922839889 0.07650447493687884
0.7589416790367115 0.08087566215626672 0.07975274636105273 0.08042991244596912
0.7281461933178688 0.0897736947358871 0.09016632149821503 0.09191379044802908
0.2349883243108059 0.07427193583797757 0.6163327837031538 0.0744069561480627
0.09197210128934753 0.08385988084429549 0.0803235327591257 0.7438444851072312
0.07553488623426508 0.3653049914943446 0.07349958246483618 0.48566053980655405
0.7121317926186237 0.08568380880217985 0.12357520530857856 0.07860919327061792
0.6888158949391044 0.06764697410647562 0.06987591682198571 0.1736612141324342
0.07927150291467447 0.07747538353593307 0.20867063824999563 0.6345824752993968
0.12036343153168477 0.45695514566731554 0.3441804054147235 0.07850101738627611
0.4997636779931541 0.09358981380343698 0.08628774937360455 0.32035875882980447
0.0738829772654781 0.07380851044254956 0.073777841871415 0.7785306704205573
0.08552241825069362 0.08431523335570333 0.0843240916311927 0.7458382567624104
0.0775705915864175 0.07223227472690913 0.7783659169404773 0.07183121674619602
0.7751043560470695 0.07498083460607585 0.07450429631419014 0.07541051303266438
0.08373968806042363 0.20095115804105196 0.07465884355116904 0.6406503103473554
0.49947718030754373 0.07744767675633225 0.07120711392272076 0.35186802901340325
0.08419969886555258 0.24613739705235016 0.4084891126099153 0.2611737914721821
0.08215240394799034 0.07891324367598619 0.08461605885254651 0.7543182935234771
0.4055934877825055 0.07933515214940443 0.07356598720561193 0.4415053728624781
0.09109705717346557 0.08346797745824888 0.07345052734183913 0.7519844380264464
0.5383110823767171 0.19873144425571082 0.19635777458309517 0.06659969878447682
0.4154072224134508 0.08395620689679471 0.4166666992959909 0.08396987139376351
0.20194022301301418 0.5443187904157143 0.06721835460726468 0.18652263196400687
0.08890005933038748 0.7429474552758524 0.0841553837490731 0.08399710164468713
0.6570925963093274 0.19212956804187145 0.07439381644756674 0.07638401920123461
0.08266739902468384 0.7624328840765379 0.07744944411609078 0.0774502727826875
0.791491914000234 0.06948381467215947 0.06922392731645306 0.0698003440111534
0.14409594436617387 0.07712315386509198 0.7069468661446374 0.07183403562409679
0.0710744883892558 0.787730062820141 0.07062123384745135 0.07057421494315183
0.3189761934047594 0.30680028056029013 0.06974725571296882 0.3044762703219815
0.26486696379065944 0.38448212174626184 0.28180397734499024 0.06884693711808855
0.7471759750806972 0.13735300695702715 0.057271216494643 0.058199801467632574
0.0791720663587365 0.7703805537657941 0.07463195313128784 0.0758154267441817
0.06396669247944224 0.222412116587992 0.057797094249123174 0.6558240966834425
0.10021863571280806 0.08604019813438206 0.732324898388746 0.08141626776406376
0.22734947387091922 0.07132086338261219 0.07146365340533901 0.6298660093411296
0.30045826185046715 0.17602348938175644 0.0733658658084006 0.4501523829593758
0.07573617089102982 0.770890861901171 0.07431168741640203 0.0790612797913972
0.07343396277218248 0.0732011294283244 0.0719964289713041 0.7813684788281892
0.06567834913142094 0.8030799463909448 0.06601597810396122 0.06522572637367308
0.7759316813372872 0.07673896722486034 0.07387088006094428 0.07345847137690832
0.7602011704219326 0.08018296660404475 0.08026827610164293 0.07934758687237975
0.7828942757576313 0.07152981858118082 0.07427594761078447 0.07129995805040341
0.07957059623698426 0.7617544481535989 0.07903602442602882 0.07963893118338793
0.07670052607786564 0.0901249745212307 0.07466420463075472 0.758510294770149
0.4413905327540136 0.40969084523903043 0.07436597319913536 0.07455264880782068
0.7852269421675692 0.0718609291081481 0.07042246485594021 0.07248966386834263
0.7853527760975251 0.07136441888916345 0.07150766388103946 0.07177514113227207
0.23073493279023113 0.08611739200090517 0.08604057150058753 0.5971071037082761
0.0874766050394409 0.20013794609185787 0.07588059119669728 0.636504857672004
0.7648036630435752 0.07839577724273587 0.07840033731678726 0.0784002223969017
0.16245884168210825 0.06513172753932588 0.2552738090978756 0.5171356216806903
0.08297178898055263 0.4825330051846627 0.23907529864600718 0.1954199071887774
0.6383486750949476 0.06583815475699527 0.23308478405274985 0.06272838609530733
0.07636640030965224 0.7723408005404341 0.07553413051373627 0.07575866863617739
0.8060290363190684 0.06471884863649899 0.06467919748765244 0.06457291755678007
0.4934173206273239 0.08142219819594153 0.3444959000543478 0.08066458112238672
0.07342998216257353 0.07147614188884018 0.07178399062397563 0.7833098853246107
0.5043745735298946 0.3389022137589835 0.07836085064344511 0.07836236206767681
0.25533098461593134 0.11627094593593951 0.07686956621553902 0.5515285032325902
0.08549331036288686 0.5057250830548008 0.09261555529044674 0.31616605129186565
0.08766230622588947 0.2553887746111997 0.3972975016718065 0.2596514174911043
0.07937013870543688 0.09195707461416092 0.7502604973485794 0.07841228933182295
0.07039927290416693 0.3811947213905549 0.4785255972740199 0.06988040843125826
0.07388872031316827 0.23437650748659877 0.48474097797211274 0.20699379422812023
0.07498464057924216 0.20939966013203293 0.6408662397827787 0.07474945950594626
0.7851775264437924 0.07178272538621888 0.07042387523944484 0.07261587293054401
0.5579984307553193 0.08608908010050939 0.08323156950130459 0.27268091964286684
0.09440966334466301 0.7339543138048861 0.08440972537775399 0.08722629747269693
0.0776874709898202 0.413996615907873 0.074629743128229 0.4336861699740778
0.08750819489451205 0.08119026032219896 0.08040938032977225 0.7508921644535167
0.7436261638526088 0.08665218515583682 0.08522725606600759 0.08449439492554674
0.7430696118349082 0.08495307777386642 0.08776844082921667 0.08420886956200872
0.35004761758753816 0.06426728270293251 0.06374235580355694 0.5219427439059724
0.6713402592227514 0.07000631346462421 0.07027576669484545 0.18837766061777897
0.07788803714338473 0.08490207753989538 0.07599679302465903 0.7612130922920608
0.19752526324721756 0.44927430232237353 0.2824043603124278 0.07079607411798126
0.0930821126853426 0.09576543268427411 0.09681040247597753 0.7143420521544057
0.0657699235065768 0.2404885556290893 0.14854673832498752 0.5451947825393464
0.07451403953797141 0.7740256596098765 0.07681990161989818 0.07464039923225398
0.7434382446557536 0.086232638807072 0.0849699537184587 0.08535916281871563
0.7831964072848618 0.07185621428597516 0.07328732829380893 0.07166005013535413
0.16299897451793108 0.6976808882295654 0.0696453118569675 0.06967482539553589
0.16841241079314184 0.0728563600852089 0.6938265450413503 0.06490468408029897
0.5162310798270117 0.0718094252052339 0.07120119612471335 0.34075829884304115
0.07521781671426721 0.5781376681185514 0.2732244874149082 0.07342002775227337
0.07191623088283434 0.07242438635293409 0.7839634905998456 0.07169589216438586
0.06462020947768977 0.611866556717426 0.061828314196158564 0.2616849196087257
0.11613719468883177 0.23091562668335097 0.5805525337482259 0.07239464487959131
0.07403080240688001 0.7786207653234427 0.07367004223078213 0.07367839003889513
0.062266590049261716 0.8135294151545157 0.061350499711071996 0.06285349508515063
0.06957976182418486 0.2805281569100704 0.5826027383214757 0.06728934294426903
0.07585643668730976 0.07594231707270034 0.217677868662826 0.6305233775771639
0.4327017418037586 0.09794836748925 0.3758407795176651 0.09350911118932627
0.08373982057137053 0.4778972463292232 0.08482215394165263 0.3535407791577537
0.7776884727738403 0.07407378793639696 0.07408766304005486 0.07415007624970787
0.27123218870709676 0.2686351511370765 0.07280908434695485 0.387323575808872
0.4119732419956583 0.06059569113041001 0.05861848066471068 0.46881258620922095
0.7311312412885106 0.05879386106100692 0.05795077837705586 0.15212411927342645
0.5476986612687178 0.3031389470729058 0.07433001543862876 0.07483237621974766
0.0822630737823827 0.3923814048311486 0.4542575786023711 0.07109794278409758
0.44486719406785336 0.4009130946425857 0.0792248705542651 0.07499484073529583
0.07511841442382364 0.07227303566731039 0.7775155808050982 0.07509296910376773
0.7626512228159954 0.07358690675456275 0.0895492412771965 0.07421262915224519
0.7948789536538723 0.06748743997880802 0.06743950654637798 0.07019409982094173
0.08444241565951026 0.7434644160914737 0.08764401406999574 0.08444915417902021
0.07770030451362767 0.3200811593674336 0.07769634799208514 0.5245221881268536
0.09385767142493642 0.09429421291212356 0.7179705689563283 0.09387754670661166
0.7574791625105075 0.08097823892362052 0.08057419539762536 0.08096840316824654
0.7444525383121539 0.08523328880746407 0.08483734570216708 0.08547682717821492
0.317903633486114 0.07329748529126144 0.25457199749955683 0.35422688372306765
0.5676533906546629 0.08157614518235475 0.2709506078308023 0.07981985633218004
0.07812152457188888 0.7664863999221655 0.077694965583564 0.07769710992238157
0.0943905658779818 0.7211002306709071 0.09225449014982282 0.09225471330128822
0.7611152250994145 0.07876365818261097 0.07799751415550242 0.08212360256247202
0.6289173787573392 0.07373407209849281 0.07521360304323023 0.22213494610093773
0.8008063649413164 0.06669455764177033 0.0661776933561001 0.06632138406081312
0.27104387490478155 0.264451366196327 0.38569672819462675 0.07880803070426477
0.07282400872942672 0.07923507303681109 0.7755496150084603 0.07239130322530185
0.38149466096201834 0.46827178672714287 0.07564489412805887 0.07458865818277992
0.20328991672396662 0.6634993997052763 0.06659123421205752 0.06661944935869958
0.09369521311294807 0.3706353387744685 0.4421589048089731 0.09351054330361028
0.2605796857466538 0.07547653403202205 0.18636493064184118 0.4775788495794829
0.80403872216919 0.06561821820164032 0.06427897495773618 0.06606408467143338
0.07068832241755829 0.6293915142016837 0.22954548211102277 0.07037468126973521
0.11501649215626035 0.3474342838244005 0.465003783694207 0.07254544032513219
0.09230786420268046 0.5493975885085337 0.08513606043607065 0.27315848685271504
0.0929253725845626 0.7211656465513553 0.09294431843252897 0.09296466243155313
0.228003276085215 0.07744210938936655 0.12397592190314143 0.570578692622277
0.7399445393940572 0.08669944053714497 0.08690424372548336 0.08645177634331422
0.0883819729850698 0.7352424812415301 0.08799268442429085 0.08838286134910932
0.7899121081963953 0.07020505339491373 0.069428571491015 0.07045426691767588
0.7561714892651269 0.08457029640715631 0.07928864246223664 0.0799695718654801
0.08424690367714155 0.32510030052412503 0.29105096466923097 0.29960183112950245
0.6278903647027237 0.07546991621649232 0.0753827044455623 0.2212570146352218
0.45684436314653887 0.06975638556755255 0.07080489405839331 0.40259435722751524
0.5424795021788453 0.06803752754423537 0.3215797452898959 0.06790322498702338
0.6485439210809691 0.1922067055873912 0.07880721698494007 0.08044215634669963
0.2731199748385299 0.08422408935314643 0.07874909677761294 0.5639068390307107
0.08062752904527104 0.7632974253262377 0.07863029819216162 0.07744474743632966
0.7565185924504348 0.08246301258480318 0.08012078849945958 0.08089760646530247
0.0863860408238972 0.08626902604837858 0.08551683353577628 0.741828099591948
0.7740335396540186 0.07482522810696454 0.07608040497428731 0.07506082726472964
0.0857065502585357 0.08604965644933257 0.7424305845541852 0.08581320873794657
0.07471573155170316 0.21741821021948513 0.34353180570203357 0.3643342525267782
0.064939279344793 0.8076407956923438 0.06379552320853349 0.06362440175432975
0.09554489906558894 0.07793424607900602 0.07580673511823331 0.7507141197371717
0.7971718284764314 0.06749308839660535 0.06744091289682234 0.06789417023014097
0.3445969022289432 0.5212377284598688 0.06697921212549442 0.06718615718569343
0.07321548544172428 0.5892295464634386 0.07168838717231601 0.265866580922521
0.07859635844650922 0.07877978301683786 0.08630579820069309 0.7563180603359599
0.4011617477002784 0.31116365830806486 0.07751530317829594 0.21015929081336074
0.06329472652611436 0.8130195425159151 0.061818280130989375 0.061867450826981196
0.07665293543249253 0.6352324117489994 0.21515614270332442 0.0729585101151837
0.15519983754847805 0.568349850898044 0.21803647359102363 0.058413837962454446
0.07967457536660297 0.5190683553134166 0.3199268791273021 0.08133019019267833
0.0800512255636634 0.6044237246195341 0.23521956020415505 0.08030548961264732
0.08368811419761477 0.4773448318775362 0.0836897450152909 0.35527730890955816
0.08401215831393083 0.5645541797447488 0.26625455142817983 0.08517911051314069
0.07588864991419525 0.28801373526002544 0.5600824849705845 0.07601512985519467
0.736554785690456 0.08871964233027438 0.08737194644393616 0.08735362553533353
0.680926676110589 0.1789904401961351 0.06991473984524357 0.07016814384803227
0.07606040377606844 0.0765016435036031 0.0746753240149539 0.7727626287053746
0.316738246291719 0.06710967948859281 0.07292167032751218 0.543230403892176
0.0792492490226419 0.07953141673256912 0.7609814511375302 0.08023788310725866
0.6180121523496745 0.23470167527921088 0.07347619052913176 0.07380998184198287
0.09175934323072034 0.09175558397466979 0.5272878517129383 0.2891972210816715
0.08180740932539797 0.5404726651541389 0.29936366537164083 0.07835626014882226
0.08659853416350476 0.7409478931481313 0.08634199153386297 0.08611158115450102
