0.026410056222715375 0.026409564127971352 0.026421924839528824 0.02642027153712284 0.7622901897137843 0.026409563179640053 0.0264096035707177 0.026409566435544988 0.02640969357945194 0.026409566793522715
0.031195887208399855 0.031195632694245988 0.031195632771105344 0.7192193763713323 0.03120071655997738 0.03119563253643636 0.031195632830126132 0.031195633076794578 0.031210222814457966 0.03119563313712411
0.026197866370761342 0.026197867293747446 0.026197867430866113 0.026202483215708776 0.6815348022448506 0.026197867000723768 0.026197867548384907 0.02619786800126658 0.10887253548135699 0.026202975412333445
0.02618733750674052 0.026170745589516247 0.026170745715437073 0.026173342179887614 0.026173337010391918 0.02617074532555401 0.7644380344472165 0.026170746232383114 0.026174219660727954 0.026170746332145094
0.030984899345566884 0.030984899787142042 0.030985373306497727 0.030984899452845032 0.030996671764447866 0.030984899647562368 0.030984899901202297 0.0309849001267274 0.030984899179614535 0.7211236574883938
0.02749936165979275 0.7524841367872153 0.027499362717264417 0.02749936188288716 0.027514000331620582 0.02750043074381981 0.02749936281613528 0.02750525835170235 0.027499361314426544 0.02749936339513582
0.02934626025017401 0.02933014915956011 0.02935149802093446 0.5592630312471489 0.2060177525092599 0.029368390946614902 0.02933231971330448 0.029330149861529615 0.029330298313264953 0.029330149978208465
0.02520260829450893 0.025216267505379482 0.025195821464066438 0.23335350205737365 0.025201644169062336 0.025195505005216123 0.02520197135577701 0.025195505855136042 0.025195504172146974 0.565041670121333
0.027643422205975106 0.027665903725439537 0.7511756153826735 0.02764342236056433 0.027646356242659563 0.027643422641009538 0.027643423006470977 0.027643423331166376 0.02764507555247324 0.02764993555156772
0.7352446112308952 0.02941231619246734 0.029414419582086373 0.02941211428615145 0.02941825341540104 0.029411914606633293 0.029411915012257494 0.02941191537287948 0.02943308034002004 0.029429459961208083
0.02438682621686446 0.7804076313211876 0.024404223763605595 0.024363482076305173 0.024564751531666845 0.024364409736746213 0.024358457644246104 0.02436015574380919 0.02441329413213011 0.024376767833438586
0.03093472373252962 0.030925904085200618 0.03092590416405765 0.030925903696227226 0.03092590267453007 0.030925903922830084 0.030925904217884888 0.030925904480234225 0.030925903378647413 0.7216580456478582
0.737227435237904 0.02919257720827586 0.029207082102532127 0.029194152362346966 0.029205495818623497 0.02919561057024032 0.029192179509328287 0.029192179827801198 0.02919217844861748 0.02920110891433033
0.029052246733759127 0.029052247873830463 0.029052248045716735 0.029052247010222493 0.029060296183079114 0.029052247513560676 0.02905787252650405 0.029052719614252882 0.7385156256120933 0.029052248886981262
0.030909187099270746 0.030913842883099823 0.030909187689112598 0.030909187223709472 0.03091026591446157 0.030909187449831958 0.030909187744261272 0.7218115790224031 0.0309091869066306 0.030909188067218988
0.17586655295953152 0.023600009470237594 0.023618696885900153 0.24065886918943116 0.4182477819255481 0.023600993030595395 0.023600009959831875 0.02360075555268115 0.02360546034626364 0.023600870679979347
0.030996401283228905 0.030996402105655147 0.03099807818800655 0.7210258284059686 0.031001279273921302 0.03099640184577114 0.03099640231809049 0.030996402768867014 0.030996400974227276 0.030996402836263367
0.023205055790146048 0.023207279888496003 0.02320505691523267 0.023205056027468033 0.023210661118965234 0.023237115342885743 0.023205057019845376 0.7911071981841291 0.023212462078175174 0.02320505763465655
0.022737070703233025 0.022772496976523133 0.0227359843513566 0.02274517948244535 0.3966698767456247 0.022736168333130382 0.42137259197170507 0.022735985070865494 0.022754424383239522 0.022740221981876925
0.01989183473598354 0.019866102147801594 0.383192186597122 0.019870022245634576 0.18217940191622767 0.01986557982425382 0.019882745477710496 0.019871087792466186 0.16859036972110744 0.14679066954169273
0.026297793404461322 0.0262956892612516 0.7633293938482639 0.026296363309607034 0.026301595750027593 0.026295689201018085 0.02629571475723558 0.026295689407783106 0.026295911757244265 0.0262961593031075
0.020136353553053998 0.020134956742560738 0.020139598301093922 0.020144314319896082 0.7216920268222285 0.020135054806491033 0.11718662407934156 0.020154472803761595 0.020140206694457555 0.02013639187711493
0.026297793404461322 0.0262956892612516 0.7633293938482639 0.026296363309607034 0.026301595750027593 0.026295689201018085 0.02629571475723558 0.026295689407783106 0.026295911757244265 0.0262961593031075
0.026193263617269917 0.026193268127298573 0.026193268807382833 0.026193264710615623 0.5644599406549335 0.02619326670136961 0.026193269292908803 0.02619327159735936 0.22599391435507782 0.02619327213578381
0.02615249419985772 0.02615418623694583 0.026152495174408215 0.02615249440582713 0.02615496565282023 0.7646182931483984 0.026152495265308842 0.02615758623627231 0.02615249388129166 0.026152495798869784
0.025096345238551847 0.025096347320484387 0.025096556200877168 0.38824805921303784 0.410980666931891 0.025096346662810666 0.02509634784951652 0.02509634890927765 0.025096632516676095 0.025096349156876897
0.03356168141179416 0.03353934057942598 0.033539340660200895 0.03353934017371721 0.03355986762794611 0.033539340410066974 0.0335393407250857 0.03353934099144472 0.698103066364942 0.03353934105537622
0.026161941054352378 0.026162227997544443 0.026161941927018338 0.02616194123841957 0.02616338514798834 0.7645381206207886 0.026161942008614946 0.02616387894541909 0.02616267857339905 0.0261619424864551
0.02552143915705804 0.025495311079065427 0.025495360115818065 0.02550912022220466 0.7705026146803524 0.025495267912626005 0.02549517288933444 0.02549517333340927 0.025495367172836896 0.025495173437294832
0.030969207428017516 0.030969207735293127 0.03096920778550671 0.2301875130939082 0.522054840917847 0.030971143649421867 0.03096920781471383 0.030969207971997714 0.03097125559477872 0.030969208008515256
0.7379246879238134 0.029116952593417185 0.02911847298739478 0.029118052077260648 0.029128859727396216 0.029123852374750417 0.029118264500878697 0.029116952688400942 0.029116952423495743 0.029116952703191985
0.02767620117196086 0.027681290751686547 0.027675459684912807 0.02767527269019745 0.7509154878570927 0.027675108185462826 0.0276753753974863 0.027675108221329337 0.02767547536843724 0.02767522067143384
0.7345355447510161 0.02949296559605821 0.02949472347361176 0.029493145668403737 0.02951702526820883 0.029492947831364302 0.029492948233157852 0.02949294858739611 0.02949480192025852 0.029492948670524596
0.027837083545060464 0.027837084210413286 0.027842210704420507 0.02783708370723782 0.1874555882535145 0.027837084000097455 0.5898426127606679 0.02783708472209931 0.027837083295057956 0.027837084801430875
0.034077751252521445 0.034075550778930395 0.03407555079755662 0.034075550689644955 0.03409145161790975 0.03407555074158623 0.6933019417516133 0.03407555086974238 0.03407555061665915 0.03407555088383575
0.033357846730373834 0.03335766483437878 0.03335766484450381 0.0333576647842033 0.699780834620107 0.033357664813331425 0.03335766485145219 0.03335766488530795 0.03335766474311918 0.03335766489322258
0.02951913122603868 0.16389287077646392 0.029464442391180685 0.029493159777740453 0.6003078230338482 0.02946444218083404 0.02946480351745858 0.029464442670668164 0.029464441701158268 0.029464442724608915
0.029698255110164537 0.029698255470207782 0.18540344683899132 0.029698255197559947 0.5770076540318188 0.02969825535637383 0.029701111482819093 0.02969825574715512 0.029698254974781728 0.02969825579012787
0.02651998006316529 0.026489042302334707 0.02648901249366507 0.7615331977990614 0.026503380610332753 0.02648903569045887 0.026509086761032367 0.02648901263818941 0.026489238975589535 0.026489012666170555
0.028790802878333254 0.028790054701060733 0.02879101157797641 0.028790151926240355 0.3079313190894617 0.4617447332526747 0.028790780151642544 0.028790045593633438 0.02879105517743461 0.02879004565154228
0.024633315093240064 0.024633068447082632 0.02463324994123885 0.024633196980892454 0.778301085943368 0.02463306657286874 0.024633625538683743 0.024633066793602353 0.024633257871164195 0.02463306681785886
0.028469126972005838 0.02846681098930157 0.028466811053366292 0.02846681066739054 0.7437956873772081 0.028466855206667193 0.028467038855630795 0.02846681131624862 0.02846723619521162 0.028466811366969467
0.026245585169546348 0.026243994352670854 0.27951051934077026 0.02625025568637023 0.5105280834161066 0.026245543745201872 0.02624403485282359 0.026243995391630408 0.02624399249191205 0.02624399555296789
0.019971141542382824 0.019980885105006896 0.019969641207926055 0.608833372686947 0.2314026044714061 0.01996821387941226 0.019968188636273216 0.019968641273953536 0.01996912192832046 0.019968189268371635
0.02533276777762846 0.025314209425265452 0.025313582052709463 0.3746179478900868 0.42285112680141945 0.02531543371937648 0.025314850905375826 0.025313336289337657 0.025313408804430077 0.0253133363343705
0.030396933185811423 0.030396181744243456 0.030395823709808364 0.030395833861650342 0.5631236651201494 0.03039588777320149 0.030395922619209842 0.0303965158545332 0.19370741147404075 0.030395824657351626
0.034341154864146656 0.03434110358261647 0.03434110364793002 0.03434110325498369 0.6909235408399181 0.03434284135642442 0.03434584158283185 0.03434110391681629 0.03434110298731623 0.034341103967016236
0.17743271354173498 0.031278864822393754 0.031284598685990164 0.031280496659773914 0.572328353760043 0.03127919440687116 0.03127886486840554 0.03127886495940106 0.03127918331470923 0.031278864980677216
0.03175950393483549 0.03176366405887265 0.031759683159404424 0.03176015528005424 0.7141601597589177 0.03175921411065842 0.03175948710314264 0.03175921442689013 0.03175970370554734 0.03175921446167708
0.02465059435933628 0.02465048808980297 0.024650661358549247 0.024651302642860473 0.7781438877548783 0.02465080441300415 0.02465061941939852 0.024650486465852082 0.02465066901422303 0.024650486482095016
0.02928225638452419 0.029282256780436094 0.029282256840775053 0.7364142404092177 0.029327705594077984 0.029282256655260692 0.029282256882784092 0.029282257085154684 0.029282256235327635 0.029282257132441935
0.027033332496454968 0.027015058920862426 0.027014595247247416 0.1037994452087476 0.6800642299986217 0.02701495715879147 0.027014595308493292 0.027014595556441017 0.027014594491427162 0.02701459561291292
0.026337473616682445 0.026336937877980936 0.026336914583359745 0.02636337111589682 0.7629350156645263 0.026338217421160003 0.026336775496567707 0.02633677559851268 0.026341743002910905 0.02633677562240246
0.02188323574212207 0.021785197430295517 0.8038296409947588 0.021787447852440397 0.021787441108264277 0.021785197149684785 0.02178519766250166 0.02178583947044312 0.02178560436085242 0.0217851982286368
0.05000000008028202 0.05000000011809687 0.05000000012379721 0.050000000089461 0.05000000001427897 0.05000000010614241 0.05000000012786664 0.5499999991223005 0.050000000066073774 0.05000000015170064
0.030914118518303075 0.7217862039301377 0.030912421220102876 0.030912420663674455 0.030912729891010467 0.03091242093400847 0.03091242128604105 0.030912421599052494 0.03091242028548588 0.030912421672183454
0.02940193232757647 0.029401217230817855 0.02940088994673138 0.029404092618263 0.7353846966033347 0.02940364661925321 0.029400873426408645 0.02940087350312659 0.02940090420329308 0.029400873521195064
0.031077238482906562 0.031062063638905072 0.031062063690627473 0.03107000473925475 0.5511612457427869 0.2003190857181553 0.031062063728281932 0.03106206390566382 0.031062106406073348 0.031062063947344766
0.03672435001670417 0.036724350034672434 0.036724350037386895 0.036724454786331344 0.03672467803942893 0.03672435002897347 0.03672444591417605 0.036724350048530446 0.669480321043115 0.036724350050681386
0.2765945432588379 0.025332130519236225 0.025332045112566738 0.025332118615271643 0.2249772658496826 0.025332044606262843 0.02533243871520466 0.02533204578304211 0.02533472087812082 0.3211006466617745
0.5234951051361418 0.03105490416848323 0.031039559758283864 0.031052613577337056 0.22815407093558454 0.031039559655111296 0.031040101432173794 0.031039559895553855 0.031044608196953063 0.03103991724437742
0.024173370128778886 0.5213096288153749 0.02416264572656914 0.09193886642277445 0.2176022608209697 0.024162645248599155 0.024162645835252503 0.02416264635731999 0.02416264416508858 0.02416264647927267
0.026745586126838944 0.026745087466341792 0.026745087480320322 0.026745924509960085 0.7592925522952703 0.0267452692453106 0.026745087490237376 0.026745087537540818 0.026745230299587613 0.026745087548592086
0.024611408238005693 0.024608074792907702 0.024608206682404238 0.02460808750975451 0.7785230826913409 0.024608073131788002 0.02460870722487464 0.024608074309011473 0.024608210981250093 0.024608074438662777
0.029591060938488484 0.19425712055646285 0.02958551683882547 0.24111336753118126 0.3575226105378155 0.02958573479635921 0.029585516974083632 0.029586577287472826 0.029586976817177722 0.029585517722133022
0.023967241804396543 0.02396676542377739 0.023966765473949304 0.023968372946106684 0.7842969016050079 0.023966782034449526 0.0239668743455825 0.02396676567879697 0.023966764969498535 0.023966765718434823
0.027889816043866002 0.02788979153585274 0.027889791545450127 0.02788979148995148 0.7489914703206941 0.027889791517004825 0.02789017292249646 0.027889791582517896 0.027889791452395507 0.027889791589770823
0.031912404173746654 0.031911746679729874 0.4355494105533103 0.03191185009922931 0.3091539646474044 0.031911736581542914 0.03191261446655522 0.0319117367238008 0.03191279933520723 0.03191173673947325
0.0242333276278349 0.024223496778402836 0.024223630977789144 0.17303324173283144 0.024236351745159954 0.024223496442567886 0.02422351423790777 0.02422349759569475 0.6331559451392447 0.02422349772256673
0.031017755227074836 0.031017608573827817 0.031017608580075174 0.7208381186017556 0.031020008434825188 0.031017608560768756 0.03101760858464386 0.031017608605715646 0.031018466220655166 0.03101760861065784
0.025510146684188707 0.02549858125515491 0.025493753910719782 0.29493716198800773 0.5010642077448775 0.025498681287412665 0.025493738202423004 0.025493738290253854 0.025516140560444003 0.02549385007651791
0.20241439347643647 0.029448642382570892 0.029448642454223063 0.4615334494120524 0.12991067569168027 0.029448642233340885 0.029448642504485766 0.02944864274553386 0.029449626297795583 0.029448642801880826
0.02919491427788268 0.02919376863560162 0.27237899502149643 0.029193874220920416 0.4940684190827286 0.029194434867952916 0.02919376889867966 0.029193769418812077 0.029193767234430772 0.029194288341494894
0.02339839608075788 0.023398539427263165 0.023398396706098817 0.02339839621193676 0.023400587277791738 0.023398396449382335 0.7893722688283191 0.02339839703464523 0.023438224884489822 0.023398397099315106
0.029698255110164537 0.029698255470207782 0.18540344683899132 0.029698255197559947 0.5770076540318188 0.02969825535637383 0.029701111482819093 0.02969825574715512 0.029698254974781728 0.02969825579012787
0.036674113787013095 0.03667411418997975 0.036674114251165686 0.23674770139616316 0.036700016634467786 0.4698260245257709 0.03667411429490608 0.036674114502185856 0.036681571867719 0.03667411455062854
0.5160849017932805 0.12164328299957212 0.02933065018931386 0.02933473845437499 0.15695116219074512 0.029330649919531392 0.029330650250166415 0.029330650544606197 0.029332663045524933 0.029330650612884444
0.7212117623438409 0.030976265696050394 0.030976265705417318 0.03097696661939216 0.030977411139471576 0.030976265677965208 0.030976265712117316 0.030976265743848177 0.03097626561060131 0.03097626575129572
0.02645626595765545 0.026455996701287322 0.026455996724701652 0.026456005634656825 0.7618906572394206 0.026456106673993073 0.02646098092090323 0.026455996820689755 0.026455996487450215 0.026455996839241998
0.5048061378230895 0.02644160803603589 0.026441297979651567 0.026443079355969776 0.2836611702199029 0.026441514692238387 0.0264412980311032 0.02644129825804926 0.026441297292446982 0.02644129831151258
0.0280078747931485 0.02800758006103691 0.028007759335940845 0.028007579930769886 0.747930770492066 0.028007580006725187 0.028007747172426708 0.02800758019340152 0.02800794780055773 0.0280075802139266
0.024464567963098507 0.02446456995385414 0.024464579897299235 0.024466943806214975 0.584375538526285 0.11649482072161776 0.024464570468066393 0.024464571484727034 0.024464585306243604 0.1278752518725932
0.02772640424696345 0.027721444074758406 0.027721713388484056 0.0277238166801651 0.7504989719971614 0.027721444054966786 0.027721444090532236 0.027721444121888587 0.02772187321584994 0.02772144412923009
0.03335752723613962 0.033357531369050945 0.03335753199194168 0.033357528239467596 0.6997822233932565 0.03335753006265666 0.033357532436598135 0.033357534547404644 0.033357525682917215 0.03335753504056724
0.027773953524338754 0.02777070621676273 0.027770659900625355 0.408146225837424 0.3696851188920282 0.027770696031937724 0.027770659913957576 0.027770659968589892 0.027770659732528544 0.02777065998180726
0.03389980606185294 0.033876580706518764 0.03387642520946789 0.15087347828663392 0.3491830083602074 0.2627774955749738 0.03387666846804527 0.033875951160332596 0.03388463490747263 0.0338759512644947
0.027870275263013077 0.027867141279038696 0.027867141309248302 0.0278694191488667 0.7491900286717232 0.02786714121601169 0.027867429218025607 0.027867141433524437 0.027867141003934847 0.027867141456613388
0.027773953524338754 0.02777070621676273 0.027770659900625355 0.408146225837424 0.3696851188920282 0.027770696031937724 0.027770659913957576 0.027770659968589892 0.027770659732528544 0.02777065998180726
0.029183013747685827 0.029182576877134492 0.02918257688596031 0.029182782208018822 0.029184212076099714 0.7373541920761085 0.029182576892165503 0.02918257692198454 0.029182915386056177 0.029182576928786227
0.03142343944018873 0.03142343960923178 0.03144132703863388 0.03142369281635586 0.7171708615289748 0.03142343955059097 0.03142343964425007 0.031423439725346024 0.031423480901827464 0.03142343974460033
0.02920567369084831 0.029205673948253973 0.02920644756074126 0.029206590388724554 0.737147244610494 0.02920567386698325 0.029205674016357555 0.029205674146560775 0.0292056735941037 0.0292056741769328
0.031055573976555995 0.031069575980783075 0.03105164411844815 0.031051643684874303 0.031056700501296164 0.031062679873745135 0.7204972495904428 0.03105164441550989 0.03105164338550323 0.03105164447284138
0.02939151980226134 0.02939141509836652 0.02939141513765046 0.029391414901564078 0.735436274967129 0.029391415016196902 0.029392000264986985 0.029391415298451264 0.029431714183584083 0.029391415329809434
0.019946997605838 0.019946757909533992 0.019946758238601054 0.019954152180727013 0.4344889680633252 0.019946757219698442 0.14630738358553852 0.01994675958825009 0.27956870576003884 0.01994675984844893
0.02772640424696345 0.027721444074758406 0.027721713388484056 0.0277238166801651 0.7504989719971614 0.027721444054966786 0.027721444090532236 0.027721444121888587 0.02772187321584994 0.02772144412923009
0.027899244787097544 0.027908982258458368 0.027899245273489585 0.02789924488959188 0.7488963744968617 0.02789924507612533 0.027899289605917643 0.027899245534926634 0.027899882492151033 0.027899245585380133
0.5897393744481847 0.02543897277868554 0.025438972934077587 0.025439553202337508 0.20674790315704872 0.02543897245308596 0.025439243455097137 0.02543897357101864 0.02543906030651415 0.025438973693950016
0.036799814791295106 0.03679719106791889 0.036797118817217846 0.6688150882102867 0.03680513663634041 0.03679717521268179 0.03679711882548553 0.036797118864720126 0.0367971187001817 0.03679711887387201
0.03672435001670417 0.036724350034672434 0.036724350037386895 0.036724454786331344 0.03672467803942893 0.03672435002897347 0.03672444591417605 0.036724350048530446 0.669480321043115 0.036724350050681386
0.026598650995119683 0.02659843246496071 0.026598793659512333 0.02659860599169046 0.6347924058917713 0.15241929717908556 0.02659848796329495 0.026598432548045295 0.026598460745586024 0.026598432560933773
0.029444340684024 0.02942120229484905 0.029421202305629075 0.02942121038260918 0.7351842084128275 0.029421307781669053 0.029421273373566415 0.02942120235031598 0.02942285005553517 0.029421202358974594
0.031017854831505695 0.031017855525863305 0.031018691572402373 0.03105336738654903 0.7207937025538605 0.03101906795918126 0.031017855707181317 0.031017856060453302 0.031025892260228893 0.031017856142774206
0.027936514807318475 0.02793381409197109 0.7485657022622793 0.02793386941934584 0.027960601002355905 0.02793381398187199 0.027933814185024376 0.027933814359945724 0.02793424148852233 0.027933814401365213
0.026711285864461056 0.7600451112155631 0.026646317666435812 0.026696376171610064 0.026662839272510723 0.026649052839897734 0.026646464558127955 0.0266478304421408 0.026648404167035705 0.02664631780221718
0.03702345767921526 0.03702271181050409 0.0370227118478909 0.03702271162719717 0.6667927569417201 0.037024802720527834 0.03702271187310011 0.03702271199698238 0.03702271147695264 0.03702271202590935
0.03354430306230796 0.03354430328602367 0.033544444339851626 0.03354434224458602 0.03354463726369117 0.6980915084312893 0.033544303345161404 0.03354430345807675 0.033553551084239165 0.03354430348477294
0.7373535455151188 0.029181739304938288 0.02918268259088761 0.029184286041368104 0.0291889255521498 0.029181730695627905 0.029181700071671694 0.029181700091428803 0.02918199004074563 0.029181700096063384
0.050000000119610054 0.5499999986488889 0.05000000018445973 0.05000000013328825 0.05000000002127065 0.0500000001581477 0.050000000190524925 0.05000000021932112 0.05000000009843851 0.050000000226050036
0.029782877954604107 0.02978255289623712 0.029782552934624812 0.029782560125418328 0.7319566491551591 0.029782595213028486 0.029782552961409112 0.02978255309081247 0.02978255254779476 0.02978255312091161
0.027688257492939176 0.02766628394364638 0.02765598968104632 0.02766422311642404 0.7510447488297302 0.02765653827569988 0.027655989787804022 0.027655990295939223 0.02765598816198286 0.027655990414787942
0.031334208514941654 0.19948206093832002 0.03133380095787513 0.03133413481288428 0.5498461814357115 0.03133380073218966 0.031333801009650254 0.03133380125648065 0.03133440902794741 0.03133380131399933
0.027016696504830344 0.26828250020732997 0.02701666675122395 0.027016666585222796 0.5155835949824508 0.02701666666583579 0.027016958339546458 0.027016666864244608 0.02701691621331214 0.027016666886003057
0.029450413588800822 0.029445537983472703 0.02944553799201274 0.0294481520907294 0.7349821481205223 0.02944553796528403 0.0294460582928898 0.02944553802739827 0.029445537904670544 0.029445538034219274
0.03166974201820589 0.03166974226853009 0.031669742304573846 0.031669742078314515 0.7149680713959284 0.03166974218922851 0.031673990873460345 0.0316697424590617 0.031669741924032026 0.031669742488664436
0.021792687444292417 0.02179206654675495 0.5277497415948942 0.02179972730612471 0.2979048933555563 0.021792066430106612 0.02179227216951722 0.021792066831320213 0.021792411446435355 0.02179206687499811
0.02141438115519487 0.021414415879952055 0.021414381760304222 0.021414390044033595 0.021414833268156547 0.02141438151480097 0.021414545475829095 0.02141438208547494 0.8072699066681135 0.021414382148140215
0.035660525214914814 0.035642673407814136 0.6791836811318328 0.035642673128346895 0.03565654453262652 0.0356426732913157 0.03564267350344395 0.03564267369180804 0.03564320836109405 0.03564267373680303
0.029252921341348083 0.029252495469926202 0.029252259934590342 0.029253000980253314 0.7367241679394515 0.029252955535866616 0.02925433741549618 0.029252714594747476 0.029252886762763428 0.029252260025556854
0.3436526863337453 0.028458577611590534 0.028453391562612236 0.02845899669098463 0.42870814182789535 0.028453576249992608 0.02845339162257606 0.028453391969847374 0.02845445407944377 0.028453392051312053
0.02679648805217434 0.026784346402762338 0.02678434644227099 0.02678978333773162 0.6329377355804942 0.02678443302544672 0.026784401020388694 0.026784346604279412 0.026786790142153214 0.15276732939229848
0.05000000003715638 0.5499958221047585 0.050000948262799924 0.05000000004145968 0.05000322927649443 0.05000000004914451 0.05000000005930079 0.050000000068065965 0.05000000003060077 0.05000000007021897
0.025836489701699536 0.025835811959108224 0.25176533936096973 0.025844644148708622 0.4537616619906515 0.02583585162636477 0.025835812346907957 0.025835813114057856 0.11361276245810725 0.025835813293424638
0.027934008226175144 0.02789647719002019 0.02789827790605223 0.027914322358304954 0.027917018538725982 0.027897414404577325 0.7488278964557541 0.027896477506108294 0.02792162985913363 0.027896477555148236
0.026732019105149874 0.02673150713418998 0.026731507159040296 0.026744109845587286 0.7594026299409729 0.02673150708119157 0.02673219828484573 0.026731507262192287 0.026731506904427688 0.026731507282402516
0.029233946332959473 0.158479889412714 0.029231345919487377 0.6076619629687381 0.029234841069823905 0.02923137159294161 0.02923134593032781 0.029231345985936463 0.02923260478812285 0.02923134599894849
0.03672435001670417 0.036724350034672434 0.036724350037386895 0.036724454786331344 0.03672467803942893 0.03672435002897347 0.03672444591417605 0.036724350048530446 0.669480321043115 0.036724350050681386
0.7621708397115897 0.026424695835300084 0.026424695854137665 0.02642604318395904 0.026430053028093876 0.026424714021470286 0.026424695868013114 0.02642469593166981 0.02642487061922012 0.02642469594654621
0.027125753908872577 0.02712494773657639 0.027124947807797572 0.02712499830716492 0.624298737093838 0.027124947588992518 0.0271254583022953 0.027124948099969765 0.0271250534811791 0.15870020767331394
0.6685440181666513 0.0368280723534447 0.03682807236854232 0.036830518339794546 0.03682895698261488 0.036828072321194325 0.0368280723794537 0.036828072431274755 0.03682807221364754 0.03682807244338205
0.7200713417858228 0.031102735818664875 0.0311027358279487 0.031102813383285865 0.031104805086181745 0.03110277043398577 0.031104257696629244 0.031102735866360205 0.031103068227359233 0.031102735873761663
0.033700862873670134 0.03370067219369963 0.03370070570767748 0.03370121414829522 0.6966889328453147 0.03370409091573607 0.03370067221204754 0.0337006722482822 0.033700734949776025 0.033701441905500965
0.030943013562570808 0.030943013609686723 0.030943013616592716 0.721512745397962 0.03094314575509252 0.030943013594669933 0.030943013621642968 0.030943013645630603 0.03094301354492209 0.03094301365122951
0.02465059435933628 0.02465048808980297 0.024650661358549247 0.024651302642860473 0.7781438877548783 0.02465080441300415 0.02465061941939852 0.024650486465852082 0.02465066901422303 0.024650486482095016
0.7373535455151188 0.029181739304938288 0.02918268259088761 0.029184286041368104 0.0291889255521498 0.029181730695627905 0.029181700071671694 0.029181700091428803 0.02918199004074563 0.029181700096063384
0.03187722301279917 0.031877223229461356 0.0318772232621362 0.03187858110546171 0.7131031287156719 0.0318773684400983 0.031877314683037436 0.031877223396662324 0.031877490732708624 0.03187722342196302
0.7190343808614087 0.031217087127633058 0.03121708714737536 0.031221971678080152 0.03122403751805834 0.03121708708617379 0.03121708716148443 0.031217087228480173 0.031217086947145627 0.031217087244160373
0.7375099785567453 0.02916512077396728 0.029166201848042396 0.029166182697261272 0.029165454152279998 0.029165636484203564 0.02916606313715845 0.029165120852166503 0.029165120633863558 0.029165120864311694
0.3046421285946234 0.020236923474029552 0.08368213643500075 0.07364242234526955 0.41661175680800183 0.02023692227917841 0.02023692445635776 0.020236926381488485 0.02023693239396415 0.020236926832085864
0.029779984089977406 0.02974962896542348 0.029749629025942238 0.029752987176593648 0.4488894688794588 0.029749628846362983 0.3130797860074676 0.029749629277581676 0.02974962840504687 0.029749629326145263
0.351516535655234 0.027731547821764423 0.027731147298786063 0.02774523569387105 0.4266191898458628 0.027731438620440026 0.027731147331475487 0.02773114748545282 0.027731462725624934 0.02773114752148836
0.026741954277753433 0.02672903405167001 0.2581616521828427 0.026715824579569333 0.5280797992649114 0.026714466580649802 0.02671427042178701 0.026714270678508525 0.026714457223812365 0.02671427073849532
0.7190343808614087 0.031217087127633058 0.03121708714737536 0.031221971678080152 0.03122403751805834 0.03121708708617379 0.03121708716148443 0.031217087228480173 0.031217086947145627 0.031217087244160373
0.03353024543340226 0.03352983151783336 0.03352983161476368 0.033535397084427064 0.4291618098860792 0.033529831316586496 0.0335298316822863 0.03352983200969057 0.03352983064289782 0.30259355881203315
0.02772640424696345 0.027721444074758406 0.027721713388484056 0.0277238166801651 0.7504989719971614 0.027721444054966786 0.027721444090532236 0.027721444121888587 0.02772187321584994 0.02772144412923009
0.05000000003715638 0.5499958221047585 0.050000948262799924 0.05000000004145968 0.05000322927649443 0.05000000004914451 0.05000000005930079 0.050000000068065965 0.05000000003060077 0.05000000007021897
0.0808999358307524 0.022149283198879585 0.1792401744852864 0.02218920553082159 0.5847772308413395 0.022149177277158958 0.022148691136551154 0.02214859303155075 0.02214911560660775 0.02214859306105196
0.4715079379954422 0.029379804283794178 0.02937980434619252 0.029380722107551438 0.29344645679760667 0.02938494409166857 0.029379804390967303 0.029379804602142127 0.02937980371456201 0.02938091767007308
0.025802287144080026 0.02580202350236692 0.025802309505543002 0.025812623101593282 0.5323031610704192 0.02580202034565846 0.2612692114806595 0.02580202138298665 0.025802320969617036 0.025802021497075917
0.025473328170624664 0.025451942897873236 0.025451776366966477 0.025459249399986478 0.6623376822002051 0.025451892765275833 0.13401860203835353 0.025451776515989448 0.025451973099743896 0.02545177654498138
0.03112537612147785 0.03112537645925067 0.031125819090206237 0.031126246802354377 0.03112771828127695 0.031127294111009705 0.03112537654674555 0.03112537671927454 0.7198660391086549 0.03112537675974934
0.04196995107994824 0.3944608466426662 0.041969951429751795 0.04196995115378363 0.041971444242095673 0.041969951287727146 0.04197053484992092 0.04196995161787212 0.26977746604205816 0.0419699516541762
0.026270200413053335 0.02627146809049341 0.02627043581100878 0.02630706749619783 0.24154380956741733 0.026270261766556308 0.5482459081369344 0.02627020209465379 0.026280444415669815 0.026270202208014865
0.6396433670848642 0.026160828261294733 0.026161140460544376 0.026168826720801987 0.1510592182087633 0.026160828212843934 0.02616146579581123 0.026160828378377774 0.026162668480103048 0.02616082839659524
0.02767406005134828 0.02768410923699476 0.027673987089577187 0.027673986444178077 0.7509226925095851 0.027674045249989038 0.027673987166058046 0.027675158633883007 0.027673986004483543 0.02767398761390301
0.050000000751650314 0.05000000110725054 0.05000000116094141 0.05000000083787533 0.05000000013336014 0.05000000099472646 0.549999991590333 0.050000001381478185 0.05000000061829734 0.050000001424087316
0.031524834884028574 0.03151889920428797 0.03151889923733478 0.031523557026423524 0.7162705194390685 0.0315188991350765 0.03152555972950258 0.03151889937286177 0.031561032572395904 0.03151889939901981
0.029513507370967126 0.02951289317468602 0.029513010787857334 0.02951290057576508 0.7343760566264294 0.029520058708934593 0.02951289320182882 0.029512893255195224 0.029512893030633053 0.029512893267703233
0.0293311459162046 0.02932710459609351 0.029327062973795837 0.5654020286279591 0.1999751002031543 0.029327095453009284 0.029328653372120303 0.029327063018674045 0.029327682811704066 0.02932706302728505
0.033700862873670134 0.03370067219369963 0.03370070570767748 0.03370121414829522 0.6966889328453147 0.03370409091573607 0.03370067221204754 0.0337006722482822 0.033700734949776025 0.033701441905500965
0.20270961654333716 0.022415319538048827 0.3449439255401927 0.022421851923248973 0.29543250403927745 0.02241551533106044 0.022415259368092702 0.022415260445993093 0.022415486572739247 0.02241526069800934
0.1592521231418115 0.029432970230770704 0.029429302576432982 0.16548128906686585 0.46925699179441005 0.029429570778135336 0.029429408959590092 0.029429273520028408 0.02942979641264507 0.029429273519309976
0.029104785538968742 0.02910115228094477 0.029141639052001296 0.02910115114041194 0.27857394004814406 0.02910115180497969 0.029101152670094 0.029115807998217093 0.4885580658469303 0.029101153619308137
0.02793215932690124 0.027931919294858467 0.027931919317134 0.027931924676179783 0.7486124222646191 0.027931977859546396 0.02793191933299292 0.027931919408414278 0.027931919092243976 0.027931919427109847
0.031017755227074836 0.031017608573827817 0.031017608580075174 0.7208381186017556 0.031020008434825188 0.031017608560768756 0.03101760858464386 0.031017608605715646 0.031018466220655166 0.03101760861065784
0.8083186782965339 0.021298580954288944 0.021331527055044975 0.021292292561973195 0.02130463471062752 0.021291508635282494 0.021290694592537573 0.02129069519633048 0.02129069265958741 0.021290695337793573
0.6703350028343271 0.03662877803495727 0.03662877804563569 0.03663206062085711 0.03663149027380888 0.036628778012204044 0.03662877805334147 0.03662877808992563 0.03662877793646967 0.03662877809847302
0.025570207161190128 0.02556611745767771 0.02556665307764574 0.4646634909001924 0.3308023042943345 0.02556611201516326 0.025566213540530937 0.025566112340614688 0.02556667683621476 0.02556611237643596
0.03672435001670417 0.036724350034672434 0.036724350037386895 0.036724454786331344 0.03672467803942893 0.03672435002897347 0.03672444591417605 0.036724350048530446 0.669480321043115 0.036724350050681386
0.03126639727672187 0.031276581916814365 0.2220381142167051 0.1811201313802123 0.3779699761933647 0.03126575947376909 0.031265759997744176 0.031265760464034266 0.031265758507295266 0.03126576057333886
0.02717850156807579 0.02717820048598446 0.027178200593555146 0.027178676407310524 0.7553946561496315 0.027178527263230053 0.027178406931349052 0.027178201034743464 0.027178428446214667 0.027178201119905286
0.025371195757885677 0.025361433721499828 0.02536218203962172 0.025361433511284764 0.4605655928257727 0.025362153221652417 0.3365317076790844 0.025361433935303775 0.025361433339256542 0.025361433968638058
0.050000000050563154 0.05000000007403291 0.05000000007757472 0.05000000005627184 0.05000124924259143 0.050000000066516975 0.05000048564650703 0.05000000009222139 0.5499982645986725 0.05000000009504795
0.02963602081936513 0.19747034799221952 0.029640765694079925 0.029636656137708967 0.5654391543128812 0.02963504870761313 0.029635332897952362 0.029635690743403224 0.029635933700734605 0.029635048994041964
0.0255853952002025 0.025585258807692593 0.025585258834387645 0.025585304621273328 0.7697137739282375 0.025585543828410547 0.02558577641628318 0.025585258943980345 0.025602947331808835 0.025585482087723568
0.7213081191173615 0.030964113231145885 0.030964057429529616 0.030967542669010393 0.03097570664986888 0.03096410099184734 0.030964057434161894 0.03096405745616305 0.030964187559605113 0.03096405746130615
0.03359390989370276 0.03357899788280011 0.033579275182909714 0.03357944193469161 0.6977638833373818 0.03357899776865233 0.03357899797675042 0.03357899816243606 0.03358849965454081 0.03357899820613436
0.027868561831012238 0.02786826253526926 0.027868262545395074 0.027872050424905963 0.7491812157267306 0.027868348498843655 0.027868510813388578 0.027868262584764925 0.02786826244710716 0.027868262592582554
0.11487130454709266 0.02352896213011066 0.023524727681283043 0.0235316974324904 0.5360324768021139 0.09433011247071069 0.023524534293686897 0.0235245353703152 0.023530824970862146 0.11360082430133453
0.47004634474897217 0.026521901361487486 0.026521932733429142 0.026540281350180592 0.31775901366078335 0.026521901257397073 0.026521901445579126 0.02652190161263102 0.02652292017775263 0.02652190165178748
0.0313065631392401 0.03130651859338863 0.03130651859986756 0.03130651856096644 0.718240850720909 0.03130651857988509 0.03130695601345473 0.03130651862632713 0.03130651853451868 0.031306518631442626
0.026626546854608524 0.3159973801081842 0.026621183875039773 0.02662579832787079 0.4710237330879154 0.026621064566782652 0.026621064982421224 0.02662106535184253 0.026621097406974038 0.02662106543836086
0.0252059779216172 0.02518762139244795 0.02518762151947192 0.02518762075420064 0.025202180076004697 0.025187684854454537 0.025187621611793113 0.0251879561369297 0.7732780935916271 0.02518762214145315
0.031310340835747734 0.031309513449200854 0.031309513459124645 0.031309513400770886 0.7181997171121238 0.03131979258938886 0.03131306878796573 0.03130951349843686 0.03130951336115786 0.0313095135060826
0.7894958172887521 0.02338747282765713 0.023393287489631077 0.023388462513446225 0.023397575439402254 0.023387469695675726 0.023387505628899824 0.023387458835798562 0.023387491428526447 0.023387458852210708
0.40910386719150227 0.02786948707550655 0.02786942074732813 0.02787703154819222 0.3679324862805282 0.02786966652351536 0.027869420799743062 0.027869421048301167 0.027869777679000143 0.02786942110638294
0.02649838004822361 0.02649349567189921 0.02649346638196713 0.4442169638544942 0.343820106415797 0.026493488986362872 0.02649346646547748 0.02649346685804295 0.02650369836769236 0.02649346695004315
0.02915521342062852 0.02912262094692089 0.02912175941354275 0.029158764757836894 0.6112453151321006 0.1557092052967523 0.029121842845609005 0.02912175960602119 0.029121758937039898 0.029121759643547913
0.47732694650942975 0.02426971251685697 0.024270118793121857 0.3285030375616675 0.024280953726772785 0.02426971245964515 0.024269712563736473 0.024270380922089635 0.02426971226802707 0.024269712678652893
0.02939819712659275 0.029398167433926325 0.029398167449183728 0.029398167357775135 0.7353740680367773 0.029398167401916874 0.029399086946457313 0.029398167511663034 0.029439643211980046 0.029398167523727457
0.031045000199805977 0.031044406358624634 0.031044406375216178 0.031044406275699564 0.720598995432903 0.03104440632360629 0.03104440638637649 0.031045159984350996 0.031044406208155233 0.031044406455261776
0.027919334224530887 0.027919316247277268 0.027919316331338956 0.02791953165121552 0.7487257824433856 0.02791931607082999 0.02791945413270746 0.02791931667585837 0.027919315480051186 0.027919316742804796
0.02543097328687157 0.02542983764015767 0.025429837658425086 0.13747325132884722 0.6590858785620847 0.025429866300386808 0.025429881530206533 0.02542983773224559 0.025430798214203736 0.02542983774657115
0.037178592505123086 0.037178511592024656 0.03717851160819936 0.03717851151153914 0.6653927082642718 0.03717851155840255 0.03717911815436756 0.03717851167381369 0.03717851144575044 0.037178511686507716
0.13732918648000056 0.028120994475363797 0.028120765472184804 0.02812076497604816 0.6377035857018913 0.028120925458450876 0.02812095322498945 0.028121293698068955 0.02812076463843741 0.028120765874564715
0.04142214970221448 0.04142214994361793 0.0414221499800009 0.0414221497612459 0.04142823125712009 0.04142214986731151 0.6271945695886513 0.041422150129264874 0.04142214961250264 0.041422150158070346
