0.9279600507037529 0.012006659636773635 0.012006657073936328 0.012006659636667971 0.012006654418639306 0.012006658893405596 0.012006659636824152
0.9379352935007471 0.010344048965289778 0.010344043246568173 0.010344048965381906 0.010344469048407547 0.010344047308888835 0.010344048964716574
0.8927011276280887 0.01788314702338452 0.017883144086432507 0.017883147023379165 0.017883141043974156 0.01788314617162239 0.01788314702311854
0.9023636454963437 0.016272741899146414 0.016272711704191905 0.016272741899095597 0.016272683950367527 0.016272733150849195 0.016272741900005636
0.9117286298804873 0.014711896943078829 0.014711893469011864 0.014711896942965298 0.014711889884013913 0.014711895936374288 0.014711896944068457
0.8604156080312568 0.023264065391389418 0.023264065277277483 0.02326406539142739 0.02326406515906526 0.023264065358239307 0.02326406539134411
0.9132924693856919 0.014451257037411232 0.014451253544398366 0.014451257036108528 0.01445124993264313 0.01445125602670488 0.014451257037042097
0.9038786669185114 0.016020223345335947 0.016020221240264157 0.016020223345023815 0.01602021906916767 0.01602022273702305 0.016020223344673897
0.9189764928959678 0.013503918915330225 0.013503916995483083 0.013503918915365305 0.01350391500320596 0.013503918358834067 0.013503918915813566
0.7272448240096827 0.045459202208973995 0.045459190998682106 0.045459202208822186 0.045459179398131475 0.04545919896591272 0.045459202209794866
0.9310845367828126 0.011485911578884933 0.011485909696477933 0.011485911578625049 0.011485907750703668 0.011485911033865134 0.011485911578630846
0.9216323527319331 0.013061274616162886 0.013061274487443035 0.013061274616171178 0.013061274352695485 0.013061274579450954 0.013061274616143337
0.9287907623985578 0.011868207424721049 0.01186820529636709 0.011868207424781764 0.01186820322377609 0.011868206806416141 0.011868207425380042
0.9217641727916047 0.013039305475465139 0.013039303673930943 0.013039305475787313 0.013039302153248828 0.013039304954618861 0.013039305475344265
0.9332618296743591 0.011123028837945999 0.011123028022786008 0.011123028837877203 0.01112302718767715 0.011123028601568519 0.011123028837785924
0.9245107500048501 0.012581544370057368 0.01258153947198686 0.01258154436987904 0.012581534462547062 0.01258154295084632 0.012581544369833237
0.9334573420626991 0.011090444262322108 0.011090441894663275 0.011090444262462218 0.011090439679150675 0.011090443576335225 0.011090444262367249
0.8950266716627392 0.017495558879324687 0.01749555002968965 0.01749555888069827 0.017495545353017353 0.0174955563154975 0.017495558879033354
0.9207778802001156 0.013203688966618434 0.013203684755961875 0.013203688966214988 0.013203680397792255 0.013203687747010156 0.013203688966286592
0.9129574877542015 0.014507085716134432 0.014507085082963276 0.014507085716208701 0.014507084481600943 0.014507085532810536 0.014507085716080597
0.8721255454409828 0.021312409896668397 0.021312408447604708 0.02131240989652458 0.021312406945215034 0.021312409476425112 0.021312409896579256
0.9073416618286395 0.015443057564985197 0.015443055394806334 0.015443057564871233 0.015443053145754998 0.015443056935935926 0.015443057565007075
0.9209073245209917 0.01318211542117437 0.013182110294311478 0.013182115420794007 0.013182104985995334 0.013182113936067445 0.013182115420665799
0.9250219558465699 0.012496342510451161 0.012496339228254959 0.012496342509587427 0.012496335836792202 0.012496341558837611 0.012496342509506871
0.7179881048949094 0.04700198269416568 0.0470019823764103 0.047001982694069466 0.04700198204399436 0.04700198260154763 0.04700198269490313
0.8951656996712263 0.01747238529270768 0.017472381854437665 0.017472385292035084 0.017472378300398928 0.01747238429665089 0.017472385292543413
0.9219190026772178 0.0130135019626157 0.013013497614453485 0.01301350196123547 0.013013493121934424 0.013013500701430578 0.013013501961112664
0.9118217636306657 0.014696373196456529 0.014696372351367235 0.014696373196232371 0.01469637147746149 0.014696372951373231 0.014696373196443418
0.9079174903430184 0.015347087065688861 0.015347083232363187 0.015347087066969833 0.015347079270938983 0.015347085955161223 0.015347087065859567
0.8511950811340643 0.0248008206900126 0.024800819105368525 0.024800820689961374 0.02480081746057231 0.024800820230130916 0.024800820689889837
0.9409115385642728 0.009848077787800438 0.009848076197114848 0.009848077787786487 0.009848074548184262 0.009848077327002179 0.009848077787839077
0.9106198946791252 0.014896685437689345 0.014896683241037148 0.014896685437070328 0.014896680966599383 0.014896684801184336 0.014896685437294532
0.9074882310007665 0.01541862822808668 0.015418628116748254 0.015418628228067631 0.01541862800107804 0.015418628197179454 0.015418628228073557
0.9231879657889734 0.012802007268221807 0.012802004442701433 0.012802007267163242 0.012802001517055635 0.012802006448756485 0.012802007267128069
0.9089115170814241 0.015181414591818076 0.015181413198749058 0.01518141459202945 0.01518141175534444 0.01518141418872572 0.015181414591909071
0.9016924484848942 0.016384592273111526 0.016384591638432994 0.016384592273203685 0.016384590969716766 0.01638459208754566 0.016384592273095085
0.9148281358030208 0.014195300097590279 0.014195299228672752 0.014195300097694272 0.014195364830409203 0.014195299845074004 0.014195300097538445
0.900320161078551 0.016613306584017273 0.016613303523842687 0.01661330658312517 0.01661330995282234 0.01661330569431884 0.01661330658332296
0.8902770502682286 0.018287158593202343 0.01828715804343058 0.01828715859341172 0.018287157474694272 0.018287158433856192 0.018287158593176273
0.899703348298298 0.016716109802370517 0.016716107671090698 0.016716109802670714 0.016716105441661553 0.016716109181520573 0.01671610980238781
0.9092687121724043 0.015121883827423908 0.015121879277338783 0.015121883827892707 0.015121874559378226 0.015121882508124957 0.015121883827436832
0.9299836046756585 0.011669401170388094 0.011669397653167966 0.011669401170136429 0.011669394009337088 0.011669400150993749 0.01166940117031834
0.9177897755719356 0.01370170672785411 0.01370170196213573 0.013701706728127361 0.013701696945727579 0.013701705335591084 0.013701706728628362
0.9192845598189832 0.013452574193911394 0.013452572693021785 0.013452574193982821 0.013452571147129019 0.013452573758937653 0.01345257419403402
0.9276627134964042 0.012056214615556355 0.012056214253883748 0.012056214615499052 0.012056213892642085 0.012056214510553508 0.01205621461546128
0.8754415267880284 0.020759745596384455 0.02075974548741946 0.020759745596380396 0.02075974537114693 0.020759745564277957 0.020759745596362324
0.9244826696559993 0.012586222813735106 0.0125862208518346 0.01258622281370294 0.012586218807791719 0.012586222243355184 0.012586222813581094
0.8950352214574546 0.0174941306941065 0.017494129003585723 0.017494130694195267 0.017494127252424444 0.017494130204040448 0.017494130694193026
0.47325537993212613 0.015004989269792749 0.45171970138621326 0.015004989269724258 0.015004965053399173 0.015004985819181808 0.015004989269562558
0.8880518565343035 0.018658025563280743 0.018658022581500393 0.018658025563124365 0.01865801949582933 0.01865802469905265 0.01865802556290905
0.9152796275273647 0.014120063112166356 0.014120061249273917 0.014120063112004318 0.014120059314825285 0.014120062571712099 0.014120063112653503
0.9046330168775715 0.015894497424039315 0.015894496996643623 0.015894497423985042 0.01589449655339613 0.015894497300350367 0.015894497424013956
0.8907124073697119 0.018214599243488637 0.01821459839154872 0.018214599243586163 0.018214597511470167 0.01821459899656676 0.01821459924362778
0.8976331657295535 0.017061139674378816 0.017061138538793322 0.017061139674284874 0.017061137363582488 0.017061139345018718 0.01706113967438827
0.9353190140871984 0.010780165513903985 0.010780161109255492 0.01078016551413574 0.010780164023868381 0.010780164237481838 0.01078016551415603
0.9100406434425804 0.01499322625940371 0.014993225959461867 0.0149932262593616 0.01499322564742424 0.014993226172327774 0.014993226259440448
0.9079155128602066 0.015347415246146263 0.015347413941596416 0.015347415246210557 0.015347412591653951 0.015347414868196147 0.015347415245989803
0.758834211753974 0.04019429808159923 0.040194298008824896 0.040194298081489534 0.0401942979323834 0.040194298060262056 0.04019429808146678
0.8957885982567999 0.017368567068473315 0.017368566866597174 0.01736856706840936 0.017368566660728987 0.017368567010556495 0.017368567068434725
0.9150064574380572 0.014165593507871733 0.014165587946360707 0.01416559350799409 0.014165582195367494 0.014165591897015677 0.014165593507333093
0.9064169551398055 0.015597177900305766 0.01559717112064688 0.01559717790008168 0.015597164103996397 0.015597175935689267 0.015597177899474407
0.9034438251011974 0.016092696377424946 0.01609269537146936 0.016092696377208913 0.016092694312201606 0.016092696083284508 0.01609269637721352
0.9191673036885355 0.01347211760186938 0.013472114804565097 0.013472117602765229 0.013472111908319694 0.013472116791754578 0.013472117602190508
0.8745260467321849 0.0209123263168968 0.020912324922553138 0.020912326316487453 0.020912323482820558 0.020912325912240185 0.020912326316816884
0.9168657929588367 0.013855703759869557 0.013855698772774516 0.013855703759352453 0.013855694673867366 0.013855702316024003 0.013855703759275554
0.855320872554143 0.024113189390502568 0.024113186687311678 0.024113189391105176 0.024113183977248202 0.024113188608972252 0.024113189390717108
0.8759615840841986 0.020673069579131672 0.020673069122948546 0.02067306957913827 0.020673068613581466 0.02067306944172444 0.020673069579277083
0.9150739963993659 0.014154335165350635 0.014154332753886866 0.014154335165181373 0.014154330883598118 0.014154334467158615 0.014154335165458339
0.9095119141769187 0.015081347802566508 0.01508134750422886 0.015081347802583345 0.015081347194149167 0.01508134771696105 0.015081347802592404
0.8436096017037698 0.026065066423553482 0.02606506634875684 0.026065066423548718 0.026065066270453293 0.026065066406376233 0.026065066423541623
0.938096863028669 0.010317194163231607 0.010317185723063844 0.010317194162939967 0.010317177041270375 0.010317191717633836 0.010317194163191365
0.9146134875523757 0.014231086354536467 0.014231083983520956 0.014231086353664229 0.014231083735517562 0.014231085667015241 0.014231086353369926
0.8664222879004531 0.022262952695746192 0.02226295147167875 0.022262952695844877 0.022262950200051552 0.022262952340485344 0.02226295269574014
0.9243796247888523 0.012603396439181491 0.012603395409175495 0.012603396439438568 0.012603394342950786 0.012603396140883212 0.012603396439518098
0.862678176417462 0.022886972348718834 0.022886969188138578 0.02288697234974634 0.02288696591415437 0.022886971433432986 0.02288697234834694
0.9061712253854199 0.015638129865066318 0.01563812849231078 0.01563812986507612 0.015638127060810792 0.0156381294662166 0.01563812986509951
0.9131510966038358 0.014474818289868189 0.014474816382001317 0.01447481828966073 0.01447481440737567 0.014474817737600293 0.014474818289657852
0.9140841763522527 0.014319306700681052 0.014319301717836465 0.01431930670025168 0.014319296571120023 0.014319305257720747 0.014319306700137265
0.9146593418080967 0.014223443415502381 0.014223442726030072 0.014223443415503084 0.014223442004650382 0.014223443214678886 0.01422344341553854
0.9330959755701033 0.011150673345731547 0.011150668639851577 0.01115067334668919 0.01115066376926901 0.011150671982227587 0.011150673346127734
0.9252447207410226 0.01245921828322872 0.012459209127483915 0.01245921828396613 0.012459199648199373 0.012459215631977395 0.012459218284121913
0.9178299503839741 0.013695009382634172 0.013695007369845231 0.013695009383028098 0.01369500529659371 0.013695008801067943 0.013695009382856707
0.9253115022248909 0.012448085693676432 0.012448080801797497 0.012448085695146148 0.012448075628261578 0.012448084261675917 0.01244808569455141
0.9129685841335232 0.014505237201351478 0.014505234988340832 0.014505237201109591 0.014505232714297179 0.01450523655995674 0.014505237201420933
0.9265418404110285 0.012243028731663691 0.01224302488006533 0.012243028731875525 0.012243020896747857 0.01224302761675885 0.012243028731860357
0.8939178150802752 0.017680364452784474 0.017680363912542664 0.017680364453015386 0.017680363352592085 0.01768036429604961 0.0176803644527404
0.8687357552937541 0.02187737549005264 0.021877373013489455 0.0218773754901742 0.021877370450444963 0.021877374772372955 0.021877375489711713
0.9105884600729678 0.014901924010456584 0.014901922773076573 0.014901924010648774 0.014901921472929304 0.01490192364912325 0.014901924010797665
0.9211958949354532 0.013134018141458053 0.013134017002610417 0.01313401814130608 0.013134015825190446 0.01313401781262623 0.013134018141355732
0.9158969697094927 0.014017173166773774 0.014017170547374318 0.014017173167231355 0.014017167834257485 0.014017172407898527 0.014017173166971585
0.905786538609151 0.015702244127294394 0.01570224311245287 0.015702244127353264 0.015702242063140345 0.015702243833360285 0.015702244127247886
0.9054673105489469 0.015755450156805115 0.015755446701934114 0.01575545015655567 0.015755443124499106 0.015755449154888072 0.0157554501563711
0.9065948513323233 0.015567526480359976 0.015567523409190216 0.015567526479352571 0.0155675202293246 0.015567525589949265 0.015567526479500052
0.9265162812424202 0.012247287754822318 0.012247285415763016 0.012247287755031772 0.012247282999350791 0.012247287077667418 0.012247287754944424
0.9070933138779907 0.015484448077825693 0.015484447373482705 0.015484448077756965 0.01548444664158087 0.01548444787355183 0.01548444807781112
0.9064625545711701 0.015589575144068364 0.015589573507825001 0.015589575143830718 0.015589571819047382 0.015589574670134998 0.01558957514392351
0.9291888795357899 0.011801855223870488 0.011801851902321248 0.011801855224205408 0.011801848628266973 0.011801854261711165 0.011801855223834716
0.9239530755126688 0.012674488195290254 0.01267448677153859 0.012674488195309912 0.012674485346352649 0.01267448778319997 0.012674488195639882
0.9305155594479863 0.011580732513207502 0.011580721671890903 0.01158073251464894 0.01158079196688746 0.011580729372071556 0.011580732513307414
0.9273980985387703 0.012100320165778198 0.012100314292530749 0.012100320166622885 0.012100308206549847 0.012100318463610333 0.012100320166137839
0.9167548785869145 0.013874188957197258 0.01387418524143714 0.013874188957645103 0.013874181417549793 0.01387418788148681 0.013874188957769432
0.9178147720238682 0.013697539069809066 0.013697536619151175 0.013697539069960716 0.013697535787284918 0.013697538360052764 0.013697539069873218
0.9107326166009949 0.014877897786056915 0.014877896787932944 0.014877897786437246 0.014877895755651889 0.01487789749690865 0.014877897786017242
0.9178601035606797 0.01368998593740539 0.01368998017383994 0.01368998593859103 0.013689974187467705 0.013689984264883838 0.013689985937132425
0.8869566967865449 0.01884055111210168 0.01884055007468254 0.018840551112181695 0.01884054899243012 0.01884055080986309 0.018840551112196034
0.9083239502834825 0.015279342236898903 0.015279341122035635 0.015279342236932085 0.01527933996969463 0.015279341913931703 0.015279342237024816
0.8830285569101026 0.019495242235408924 0.019495239131900644 0.0194952422357002 0.01949523591611678 0.019495241335670873 0.019495242235099887
0.9044665681149298 0.015922239730872378 0.015922237771977016 0.01592223973150171 0.015922235757032104 0.01592223916289411 0.015922239730792875
0.8819699655988222 0.019671677608970862 0.01967166820760894 0.01967167761059825 0.019671658476545183 0.019671674885774492 0.01967167761168013
0.9302766214327878 0.011620564108051765 0.011620562245331088 0.011620564107985192 0.011620560429455954 0.011620563568232522 0.011620564108155642
0.8789308177606443 0.020178197377769994 0.020178196767863782 0.02017819737833223 0.02017819613633696 0.02017819720110905 0.020178197377943692
0.8842216737863678 0.01929638823662471 0.019296387265109842 0.01929638823601365 0.019296386284978814 0.01929638795492098 0.019296388235984115
0.902213187928512 0.016297802069194466 0.016297801967078633 0.01629780206918587 0.016297801857925072 0.01629780203892353 0.016297802069180585
0.4163382640335466 0.040449145383797284 0.04044914474896512 0.04044914538380038 0.040449144079815466 0.38141601098637484 0.04044914538370023
0.8855772043593898 0.019070467036391675 0.019070465058109286 0.01907046703519474 0.019070463012726274 0.019070466462479292 0.019070467035708943
0.9082249635415083 0.015295841543108642 0.015295837676826218 0.015295841544072828 0.01529583372910598 0.015295840422510476 0.015295841542867556
0.9171885419751182 0.013801911221618755 0.013801908438318038 0.013801911221200482 0.013801905514634309 0.013801910407886874 0.013801911221223243
0.9227240966794914 0.012879317532074845 0.01287931695975978 0.012879317531965634 0.012879316398858521 0.012879317365741782 0.012879317532108109
0.9156569086986244 0.014057182758689885 0.014057181179937074 0.014057182758051864 0.014057179545227633 0.0140571823012537 0.01405718275821546
0.8661588530270037 0.02230685803050157 0.022306857666503317 0.022306858030512373 0.022306857289829857 0.022306857925154546 0.02230685803049452
0.908464573186305 0.015255905664036994 0.015255903371795254 0.01525590566367552 0.01525590145186683 0.015255904998963794 0.015255905663356592
0.921171443910077 0.013138093321052275 0.01313809216711628 0.013138093320982697 0.013138090972358967 0.013138092987206888 0.013138093321205753
0.9278780244375976 0.012020330020475296 0.01202032865004113 0.012020330020212999 0.012020327228248204 0.012020329622737143 0.012020330020687529
0.9262169214245437 0.012297180291332458 0.012297179333792707 0.012297180291602055 0.012297178353075155 0.012297180014344045 0.012297180291310057
0.8941276709695293 0.017645390937868224 0.017645385947989083 0.017645390938291143 0.017645380775655178 0.01764538949139911 0.017645390939268046
0.9319059289402355 0.011349019038936394 0.01134900600129559 0.01134901903680545 0.011348992686560377 0.011349015258775338 0.011349019037391305
0.9130187500578534 0.014496875688987337 0.01449687442727491 0.01449687568911247 0.014496873124239687 0.014496875323328521 0.01449687568920361
0.9203676537435295 0.013272060802058668 0.013272055213010222 0.01327206080178096 0.0132720494536469 0.013272059184072788 0.013272060801901006
0.875013674610225 0.020831054650279547 0.020831053895086535 0.020831054649905482 0.020831053113102273 0.020831054431194564 0.02083105465020665
0.9321770980147103 0.011303818662527063 0.011303815656214836 0.011303818662774908 0.011303812549538798 0.011303817791447809 0.011303818662786255
0.9104818663379649 0.014919690195341223 0.014919687935413734 0.014919690195209914 0.014919685599741139 0.014919689540936115 0.014919690195392802
0.9179240699910639 0.013679321727614083 0.013679321619693626 0.01367932172762257 0.013679321509797835 0.013679321696588791 0.013679321727619152
0.9185473060894048 0.013575449447268866 0.01357544861404621 0.01357544944731222 0.013575447748724337 0.013575449206156007 0.01357544944708744
0.9038196440630026 0.016030060069962673 0.016030058721370123 0.016030060070198283 0.01603005732608332 0.01603005967925441 0.016030060070128346
0.9244107980010365 0.012598200923827173 0.012598199857688197 0.012598200924004961 0.012598198754407552 0.012598200614928603 0.012598200924106889
0.915734080674568 0.01404431814551843 0.014044317466709312 0.014044318145481566 0.01404432947320799 0.014044317949028976 0.014044318145485594
0.9225425110882661 0.012909583361589363 0.012909579974888976 0.012909583361318429 0.012909576472675337 0.012909582379908507 0.012909583361353248
0.9135478650968528 0.014408691088770569 0.014408687590746734 0.014408691088743151 0.014408683970930876 0.014408690075159013 0.014408691088796667
0.9197257408015674 0.01337904373326366 0.013379042769582733 0.013379043733055452 0.013379041775237915 0.013379043454108742 0.013379043733183889
0.9324469023185299 0.011258849314846586 0.011258846074804632 0.011258849314308591 0.011258855287674919 0.01125884837579976 0.011258849314035627
0.931922040763156 0.01134632956371852 0.011346324101849237 0.01134632956360218 0.011346318462325285 0.011346327981417615 0.011346329563931182
0.9045833599775017 0.01590277619923573 0.015902771037716742 0.015902776198303412 0.01590276568591902 0.01590277470246637 0.015902776198857008
0.8796544392988609 0.020057594096137627 0.020057592929969278 0.020057594096245142 0.020057591723864843 0.02005759375851952 0.02005759409640272
0.861530282033994 0.023078286874592648 0.023078285887093927 0.023078286874535905 0.02307828486673347 0.023078286588395024 0.023078286874655213
0.9088946555100593 0.015184224685207783 0.015184223699050406 0.015184224685124434 0.01518422237769822 0.01518422435738131 0.015184224685478268
0.912064225867544 0.014655963877561877 0.01465596112976524 0.014655963877566233 0.014655958288233347 0.014655963081626878 0.014655963877702455
0.9092374789647124 0.015127086971038192 0.015127086733287337 0.015127086970881264 0.015127086487136007 0.015127086902051046 0.015127086970893752
0.8554909639943643 0.024084839357931896 0.02408483931568018 0.02408483935793699 0.024084839270687077 0.024084839345484478 0.024084839357914934
0.9127039654147401 0.014549340414734047 0.014549338038572323 0.01454934041494513 0.014549335575658373 0.014549339726550878 0.014549340414799185
0.9136023244310995 0.014399613796793734 0.01439961162772471 0.014399613796667893 0.014399609381587101 0.014399613169488542 0.01439961379663879
0.9265612578290341 0.012239792579036722 0.012239788577734764 0.012239792579236158 0.01223978443573123 0.012239791419927802 0.012239792579299311
0.9143950853877564 0.014267488350079731 0.014267483691578741 0.0142674883499644 0.014267478869086622 0.014267487000925502 0.014267488350608835
0.9150047016260323 0.014165883193864819 0.01416588295549745 0.014165883193851349 0.01416588271135994 0.014165883125514655 0.014165883193879444
0.8807210534276507 0.019879824583014478 0.0198798243061598 0.019879824582630105 0.019879824015987726 0.019879824501931546 0.01987982458262552
0.909513603075784 0.015081066186685747 0.015081066127891243 0.015081066186677995 0.015081066066300674 0.015081066169981706 0.015081066186678612
0.9283126346872527 0.011947895287440372 0.01194789335856941 0.011947895287834185 0.01194789136241974 0.01194789472878333 0.011947895287700357
0.9258052561811321 0.012365791364965269 0.012365790307452015 0.0123657913652559 0.012365788464132435 0.012365790951966936 0.012365791365095507
0.9045397735457374 0.01591003850968175 0.015910037132112604 0.01591003850987935 0.015910035685529424 0.015910038107296916 0.015910038509762386
0.9057446206260246 0.01570923029459393 0.0157092295304379 0.01570923029444594 0.015709228888029652 0.01570923007196706 0.01570923029450085
0.9198506406423808 0.013358230821884542 0.013358223129461222 0.01335823082195228 0.013358215166939268 0.013358228595082264 0.013358230822299593
0.8873242423805948 0.018779294691776152 0.018779291524933555 0.018779294691765286 0.018779288245419665 0.018779293773484633 0.018779294692025862
0.9165733464641335 0.01390444388872983 0.013904440942492156 0.013904443887780586 0.01390443789493591 0.013904443034257313 0.013904443887670578
0.9083987058726596 0.015266882748059733 0.015266882038389362 0.015266882748077571 0.015266881302095607 0.015266882542612088 0.01526688274810627
0.9172801148718777 0.013786647652303238 0.01378664742012593 0.013786647652333117 0.013786647167506747 0.013786647583590423 0.013786647652262816
0.8529479600843105 0.024508673531956744 0.024508673148615163 0.024508673531989336 0.024508672750063732 0.024508673421033786 0.024508673532030886
0.9035914038657491 0.01606810132147376 0.016068097781520158 0.016068101322477216 0.016068094094816313 0.01606810029290741 0.016068101321056197
0.919768097313542 0.01337198518534656 0.013371982644482543 0.013371985185209514 0.013371980038119909 0.013371984448099823 0.013371985185199723
0.9150803271140895 0.014153279465867927 0.01415327828217037 0.014153279465496119 0.01415327708535627 0.0141532791213013 0.01415327946571869
0.8782651753247815 0.020289138581525187 0.020289136531589667 0.02028913858273833 0.020289134408989735 0.020289137988410026 0.020289138581965672
0.9199365165840415 0.01334391590031886 0.013343912295810799 0.013343915901958516 0.01334390856199957 0.013343914855702856 0.013343915900167955
0.9130557363184263 0.014490710915601609 0.014490710370829973 0.014490710915604114 0.014490709806289895 0.01449071075763149 0.014490710915616831
0.9014170791309413 0.016430488633739207 0.016430485447295032 0.016430488633571324 0.016430481852924103 0.016430487667615686 0.016430488633913273
0.9046689888231835 0.015888503853758385 0.015888500249708573 0.015888503854166243 0.015888496555006532 0.015888502810650105 0.01588850385352665
0.9103927853288885 0.014934536574723338 0.014934535134804555 0.014934536574291063 0.014934533652200209 0.014934536160843774 0.01493453657424877
0.8734390190280461 0.02109349732884118 0.021093496426050802 0.02109349732969069 0.021093495491008092 0.021093497067555873 0.021093497328807352
0.911457883376563 0.014757019977934478 0.014757019002940311 0.01475701997790058 0.014757017988943662 0.014757019697841194 0.014757019977876627
0.9213826681358721 0.013102889227238557 0.01310288817224013 0.013102889227309976 0.01310288708850522 0.013102888921712658 0.013102889227121238
0.9347610064424601 0.010873166124004043 0.010873165165727887 0.010873166123960287 0.010873164173632214 0.010873165846317855 0.010873166123897658
0.9169367788171986 0.01384387062235329 0.013843869854975762 0.01384387062275859 0.013843869060033756 0.013843870400205014 0.013843870622474969
0.9057509899746822 0.015708172462286625 0.01570816501728331 0.01570817246226858 0.015708157313977827 0.015708170306958247 0.01570817246254354
0.9207239589414491 0.013212674086334149 0.013212673044158208 0.013212674086212036 0.013212671971493157 0.013212673784088096 0.01321267408626515
0.9159542362138717 0.014007627444294868 0.014007627179767572 0.014007627444325214 0.01400762690584939 0.014007627367552507 0.014007627444338542
0.9363946241996888 0.010600897970590283 0.010600894354576444 0.010600897970638045 0.010600890611157052 0.010600896922741352 0.010600897970607865
0.9182659477938392 0.013622343564236226 0.013622340803968833 0.013622343563735418 0.013622337946862574 0.013622342763988169 0.013622343563369483
0.9052376079129654 0.015793732072710332 0.015793731968515613 0.015793732072671682 0.015793731858295922 0.015793732042155895 0.015793732072685092
0.8611466744276699 0.023142220996471435 0.023142220871603857 0.023142220996487686 0.023142220751220795 0.023142220960107582 0.023142220996438888
0.8462620157552994 0.025622999311332047 0.025622995816507396 0.025622999311538643 0.025622992195890714 0.025622998298239323 0.02562299931119253
0.9307787024068871 0.011536883976646756 0.011536882092518365 0.011536883976345247 0.011536880141029824 0.011536883430321465 0.011536883976251232
0.8458169407649452 0.025697177624832875 0.025697175665921845 0.025697177624860502 0.025697173634656133 0.02569717705999992 0.025697177624783376
0.8777189955010277 0.020380190745739296 0.02038014864282001 0.02038019074563087 0.020380105071431957 0.020380178548586102 0.02038019074476399
0.8539700591521441 0.024338323927157245 0.024338323110668393 0.024338323927141216 0.02433832226529556 0.024338323690605505 0.024338323926987922
0.9205068145025221 0.013248864730033689 0.013248863863008095 0.013248864730077588 0.013248862964941247 0.01324886447934651 0.013248864730070623
0.9031124584750512 0.016147923623311536 0.016147923561359592 0.01614792362330954 0.01614792348941444 0.01614792360424784 0.016147923623305884
0.9158143073743855 0.014030953880105577 0.014030944374875506 0.014030953879639919 0.014030935482785514 0.014030951125507212 0.014030953882700694
0.8725776549295369 0.021237058466888642 0.021237056750435964 0.021237058466408172 0.021237054953213833 0.021237057966773394 0.021237058466743234
0.9359554159518185 0.010674098883221211 0.010674096100984154 0.010674098882754045 0.01067409322082147 0.010674098077346815 0.010674098883053765
0.8659986001927358 0.02233356929188854 0.022333564496588375 0.02233356929201341 0.022333559533945238 0.022333567901436615 0.022333569291391946
0.9340555980171136 0.010990733975762489 0.010990733413336536 0.010990733975778558 0.010990732829739077 0.010990733812452027 0.010990733975817638
0.9261653207653359 0.012305780605396761 0.012305779282563356 0.012305780605340039 0.012305777913589387 0.01230578022219531 0.01230578060557923
0.8994846881940692 0.016752552845819592 0.016752551261143334 0.016752552845808264 0.01675254962067541 0.016752552386689688 0.016752552845794424
0.9191878993733995 0.013468684153366476 0.013468682861869594 0.013468684153227686 0.013468681525509287 0.013468683779244636 0.013468684153382699
0.9263819967210597 0.012269668171061888 0.012269666444419588 0.012269668171360019 0.012269664650496484 0.012269667670546432 0.01226966817105607
0.9205982796567258 0.01323362083005697 0.01323361943545444 0.013233620830043903 0.013233617991530403 0.013233620426210123 0.013233620829978233
0.9019643145820502 0.016339281815316103 0.016339280168864462 0.01633928181514218 0.01633927846519712 0.016339281338234743 0.01633928181519523
0.909453111917038 0.015091150004227854 0.015091146413260715 0.015091150004243407 0.015091142693749338 0.015091148963140866 0.015091150004339951
0.9052653987217802 0.015789100556770085 0.015789099940201206 0.015789100556839027 0.015789099292141773 0.015789100375460965 0.01578910055680681
0.9227245273244943 0.012879245553990183 0.01287924535893532 0.012879245553984056 0.012879245157230523 0.012879245497414878 0.012879245553950902
0.8993603188437972 0.016773281286830238 0.016773279313124473 0.016773281286597476 0.01677327726752557 0.01677328071545322 0.016773281286671913
0.9214982494521562 0.013083626931946835 0.013083623608598879 0.013083626931984867 0.013083620174481867 0.013083625968879289 0.013083626931952067
0.9219480849883886 0.013008653658441751 0.013008651557094866 0.013008653658258706 0.013008649428678671 0.013008653050498881 0.013008653658638313
0.938867786611989 0.010188703857576437 0.01018870092249444 0.010188703858026785 0.010188697885374664 0.010188703007028517 0.010188703857509921
0.8674689475228129 0.022088510567276027 0.022088507276535715 0.022088510566637302 0.022088503884996374 0.022088509613530316 0.022088510568211397
0.9003398439442737 0.01661003015705582 0.0166100226697375 0.01661003015780561 0.016610014924191268 0.016610027988646647 0.0166100301582896
0.9166245561303187 0.01389590741628289 0.013895907227942891 0.01389590741627035 0.013895907031485863 0.013895907361424436 0.013895907416274932
0.923404492849798 0.01276592046781006 0.012765915676723532 0.01276592046833769 0.012765910989749472 0.012765919079739051 0.012765920467842083
0.8661768746562486 0.022303854275322384 0.02230385418256814 0.022303854275431596 0.02230385408667699 0.02230385424844145 0.02230385427531113
0.9162292077157841 0.01396179880778532 0.01396179864029965 0.013961798807760436 0.013961798462157492 0.013961798758446463 0.013961798807766282
0.9257944659009725 0.012367590533488959 0.012367587796264895 0.012367590533511351 0.012367584961733446 0.012367589740583605 0.0123675905334452
0.9179417774442424 0.013676371715850118 0.013676369193205683 0.013676371715591565 0.013676367231680135 0.013676370984245748 0.013676371715184495
0.8441375929368736 0.025977068111898968 0.02597706762692869 0.025977068111972472 0.02597706712907445 0.0259770679712934 0.02597706811195825
0.915330241507744 0.01411162689674186 0.014111626028558966 0.014111626896423791 0.014111625129263583 0.014111626644823542 0.014111626896444233
0.917657547135953 0.013723742815718358 0.013723741576108625 0.013723742815563114 0.013723740384606043 0.013723742456329126 0.01372374281572182
0.9305767750577031 0.011570537810707703 0.011570537234048222 0.011570537810707849 0.011570536633066937 0.011570537643082964 0.0115705378106831
0.9041771226870623 0.015970481286667206 0.015970478125636053 0.015970481286437268 0.01597047495648377 0.015970480370970767 0.015970481286742725
0.9312886584435647 0.011451891158485808 0.011451889535246746 0.011451891158842615 0.011451887856961527 0.011451890688343848 0.01145189115855457
0.8630547635652198 0.02282420666493571 0.022824205596285993 0.022824206665233628 0.022824204488131727 0.02282420635502375 0.022824206665169242
0.915469257542066 0.014088459235061267 0.014088455335252603 0.014088459235163489 0.014088451312297136 0.014088458105243552 0.014088459234916004
0.9265323460661746 0.012244610156091138 0.012244608049627445 0.012244610155914638 0.012244605869327893 0.012244609547129928 0.012244610155734515
0.9112553738102963 0.01479077186202132 0.014790770363973553 0.01479077186217788 0.014790768811281774 0.014790771427614398 0.014790771862634862
0.9177506565141524 0.013708225527412382 0.013708222619451258 0.013708225528010253 0.013708219599600675 0.013708224683635155 0.013708225527737806
0.9176344904958242 0.01372758604102503 0.013727583997483717 0.01372758604110375 0.013727581934240347 0.013727585449310508 0.013727586041012544
0.9198478336696857 0.013358695356383218 0.013358693609220746 0.013358695356330877 0.013358691801597877 0.013358694850649385 0.013358695356132414
0.9175181699732554 0.01374697195008876 0.013746971381991385 0.013746971950031201 0.013746971008415888 0.013746971786094811 0.013746971950122555
0.9292350679395718 0.011794157710452573 0.011794153439370831 0.011794157710731603 0.011794149016192034 0.011794156472959923 0.011794157710721218
0.8906783378104989 0.018220280749900782 0.01822027403980475 0.018220280749739092 0.018220267095313557 0.01822027880566034 0.018220280749082416
0.9149719399939972 0.014171346979105472 0.014171340407662382 0.014171346977318764 0.014171333592261078 0.014171345071919715 0.014171346977735415
0.7255148163419229 0.04574753120641264 0.0457475301298185 0.04574753120593562 0.045747529012089554 0.04574753089777275 0.04574753120604805
0.9364523155532744 0.010591281142942067 0.01059128041812416 0.01059128114289424 0.010591279666956716 0.010591280932955676 0.010591281142852906
0.9173169294250793 0.013780512810631801 0.013780510918624101 0.013780512810893984 0.01378050896191649 0.013780512262295928 0.01378051281055841
0.9206482522648285 0.013225300003979163 0.013225284275657015 0.013225300003253998 0.013225268000982582 0.01322529544711939 0.013225300004179432
0.9093238173378683 0.015112697597545365 0.015112696786081166 0.015112697597466779 0.015112695749244346 0.015112697334254238 0.015112697597540027
0.903258707853639 0.01612354885835298 0.01612354855664718 0.01612354885833032 0.016123548243871456 0.016123548770838717 0.016123548858320447
0.9171019527937886 0.013816341618140184 0.013816340865442783 0.01381634161815217 0.013816340086139073 0.013816341400133512 0.013816341618203729
0.8988173495701021 0.016863775377842265 0.01686377482428987 0.01686377537783129 0.016863774251711112 0.016863775220420787 0.016863775377802558
0.9138501425570282 0.01435831066249364 0.014358308696097138 0.014358310662273598 0.014358306667237617 0.014358310092683537 0.014358310662186293
0.8636086468566065 0.022731892840526263 0.022731891667172082 0.022731892840764812 0.02273189045377003 0.022731892500593383 0.02273189284056694
0.9101420098272311 0.014976331837593186 0.014976331576020619 0.014976331837695514 0.014976331322126831 0.014976331761763956 0.014976331837568748
0.8877114578707845 0.018714757533685306 0.018714756608875865 0.01871475753383439 0.018714755652610847 0.018714757266511374 0.01871475753369776
0.8981754104544993 0.016970765982175742 0.016970764071827783 0.01697076598268852 0.016970762098493023 0.01697076542814575 0.01697076598216994
0.9314505763581725 0.011424905458545792 0.011424902717382933 0.011424905458825739 0.011424899883820491 0.011424904664458776 0.011424905458793664
0.9058707964193494 0.01568820172103656 0.015688199690875797 0.01568820172111945 0.01568819759378622 0.01568820113303433 0.015688201720798354
0.8581389284544874 0.02364351196917987 0.023643511888420263 0.02364351196917288 0.02364351180393145 0.02364351194564374 0.02364351196916446
0.9095298454428336 0.015078364323737568 0.01507835488376945 0.015078364323874355 0.015078345113109935 0.015078361588789713 0.015078364323885459
0.902533754909238 0.016244374664692238 0.016244373793454454 0.01624437466456558 0.016244372891213492 0.016244374412172906 0.016244374664663136
0.9303168534673844 0.01161385825846297 0.01161385735036612 0.011613858258496252 0.011613856410964393 0.011613857995862885 0.011613858258462978
0.909875250283347 0.01502079239072153 0.015020791000042789 0.015020792391030529 0.015020789556636898 0.01502079198754189 0.015020792390679188
0.8988526769572436 0.01685788741621771 0.01685788697807807 0.016857887416204347 0.016857886526060108 0.016857887290005074 0.016857887416191316
0.9195054882074186 0.013415752922743317 0.013415751195323603 0.01341575292308985 0.013415749406461513 0.01341575242211245 0.013415752922850833
0.9044882342027941 0.015918628821292163 0.015918626675842998 0.01591862882145173 0.015918624457033518 0.01591862819963866 0.015918628821946872
0.8916664740511623 0.018055588472298628 0.018055586908162273 0.018055588472017485 0.018055585606658504 0.018055588017443853 0.018055588472256866
0.9106047617461264 0.014899208932246217 0.014899204325845461 0.01489920893169785 0.01489919953772375 0.01489920759487708 0.014899208931483538
0.9269309663642248 0.012178172688245724 0.012178170741345742 0.012178172688368107 0.012178172705033385 0.012178172124473106 0.012178172688309239
0.9021526508129872 0.016307891681614277 0.016307891408627827 0.01630789168163319 0.01630789113082859 0.01630789160270242 0.01630789168160662
0.922063116151076 0.01298948184749213 0.012989479696269852 0.012989481847679537 0.012989477397078206 0.012989481213302394 0.012989481847101941
0.9183092411415368 0.013615128574316663 0.013615124787404825 0.013615128574370455 0.013615120871129002 0.013615127476925776 0.013615128574316487
0.9460957313462419 0.008984045603982168 0.008984044108428416 0.008984045603861446 0.008984042562956481 0.008984045170423957 0.00898404560410557
0.9240481633000943 0.01265864150589638 0.01265863779712348 0.012658641505359343 0.012658633954961494 0.012658640430743051 0.01265864150582196
0.911936739822484 0.014677210765830284 0.014677209435317348 0.014677210765383789 0.014677208065124422 0.014677210380152225 0.014677210765708167
0.9058497403422089 0.015691710628345967 0.01569170939185883 0.015691710628803094 0.015691708110420834 0.015691710269897886 0.015691710628464618
0.8979596594995134 0.01700672365510467 0.017006723225027227 0.017006723654975398 0.017006722779986716 0.017006723530354404 0.017006723655038268
0.9275406893298433 0.012076552530106055 0.012076551173624874 0.012076552529988668 0.012076549769254387 0.01207655213714501 0.012076552530037591
0.9244868597465513 0.012585524566032498 0.012585522417182065 0.012585524566353617 0.012585520194458563 0.012585523943321556 0.012585524566100566
0.9275599583372806 0.012073341945046948 0.012073338934064176 0.012073341945152102 0.012073335820512556 0.012073341072576002 0.012073341945367548
0.907969072609046 0.015338490766466959 0.015338485590367663 0.015338490766880137 0.015338480232251681 0.015338489268403654 0.015338490766583824
0.9349003750350846 0.010849939276826662 0.01084993606046561 0.010849939276832213 0.010849932728867829 0.010849938344825071 0.010849939277098026
0.9174437128688291 0.013759382326611901 0.01375938027646158 0.01375938232698417 0.013759378143530863 0.013759381730872551 0.01375938232671008
